32	0.191164170031
37	0.190685538196
44	0.190615213353
52	0.190324610175
61	0.189894045065
72	0.189754532578
85	0.189346902774
101	0.189057415797
119	0.188779924631
140	0.188577542886
165	0.18822070855
195	0.187931498057
230	0.187693612689
271	0.187355970321
320	0.18710511128
378	0.186811351961
446	0.186511118044
526	0.186218800361
621	0.185906924129
732	0.185675162166
864	0.185322276667
1019	0.185076588595
1202	0.184794449985
1419	0.184423921203
1674	0.184090879794
1975	0.183950474208
2330	0.183841034162
2749	0.183168416029
3243	0.182857657903
3827	0.182721052561
4515	0.182809062786
5327	0.1823947288
6285	0.181883214801
7415	0.181225438704
8748	0.178250386114
10322	0.181003385534
12178	0.183471102433
14368	0.177651556456
16952	0.178042822117
20000	0.183564008552
