32	0.131129868007
37	0.130482605714
44	0.130373125494
52	0.129973435937
61	0.129391533506
72	0.12919118296
85	0.128641037375
101	0.128245053612
119	0.127865894162
140	0.127584611503
165	0.127103838016
195	0.126711306723
230	0.126385090499
271	0.125933525285
320	0.125589522647
378	0.125191298121
446	0.124790769392
526	0.124396845413
621	0.123977341028
732	0.123638230635
864	0.123204956511
1019	0.12283785728
1202	0.122462014891
1419	0.122013870309
1674	0.12160368123
1975	0.121313007133
2330	0.12105173521
2749	0.120409811841
3243	0.120013001062
3827	0.119731941591
4515	0.119600153941
5327	0.119136815482
6285	0.118610820723
7415	0.11798987237
8748	0.115850410319
10322	0.117470632988
12178	0.118898459421
14368	0.114908279014
16952	0.114978331164
20000	0.118394073831
