32	0.103622222899
37	0.10287285494
44	0.102730041719
52	0.102259903963
61	0.101586654085
72	0.101341938303
85	0.100706054712
101	0.100242678336
119	0.0997996732408
140	0.0994659347434
165	0.0989116011137
195	0.0984555425206
230	0.0980731886961
271	0.0975546942469
320	0.0971530912861
378	0.0966928496917
446	0.0962328892732
526	0.0957794758078
621	0.0952985566176
732	0.0948978580717
864	0.0944166243111
1019	0.0939831485348
1202	0.0935537198659
1419	0.0930608083048
1674	0.0926059414054
1975	0.0922371158275
2330	0.0918968337427
2749	0.0912633472251
3243	0.0908199458212
3827	0.0904650996054
4515	0.0902242788496
5327	0.0897333859878
6285	0.0891964800447
7415	0.088589499476
8748	0.0868428449301
10322	0.0879236760742
12178	0.0888567227266
14368	0.0857311151431
16952	0.0856491931096
20000	0.0880643753444
