32	0.0868640383613
37	0.0860473397524
44	0.0858748242744
52	0.0853547429284
61	0.0846215042336
72	0.0843416199914
85	0.0836496968908
101	0.0831396755847
119	0.0826528670064
140	0.0822810270078
165	0.0816794453805
195	0.0811809236739
230	0.0807597208357
271	0.0801989263028
320	0.0797585983241
378	0.0792585799501
446	0.0787608398429
526	0.0782699999596
621	0.0777516143254
732	0.0773121847167
864	0.0768017575986
1019	0.0763286515891
1202	0.0758667406424
1419	0.0753481200857
1674	0.0748670790375
1975	0.0744525815332
2330	0.0740657682334
2749	0.0734405267359
3243	0.0729715207393
3827	0.072574678876
4515	0.0722704875486
5327	0.0717666682421
6285	0.0712274068431
7415	0.0706336739798
8748	0.0691333243761
10322	0.0698877634267
12178	0.0705223662934
14368	0.067933610164
16952	0.0677645797236
20000	0.069571716004
