32	0.0752513225558
37	0.0743891652935
44	0.0741898988143
52	0.0736331034923
61	0.0728595937449
72	0.0725509370683
85	0.0718216475914
101	0.0712783204134
119	0.0707605673758
140	0.0703601446539
165	0.0697278173797
195	0.0692002793374
230	0.0687514817091
271	0.0681638273659
320	0.0676969169637
378	0.0671711528545
446	0.0666493345079
526	0.0661349396609
621	0.065593962292
732	0.0651299172567
864	0.0646024929432
1019	0.0641058558642
1202	0.0636246930158
1419	0.0630926329666
1674	0.0625973297989
1975	0.0621559206057
2330	0.0617412886206
2749	0.0611269392576
3243	0.0606453301332
3827	0.0602247586993
4515	0.0598822666138
5327	0.0593752983641
6285	0.0588403967779
7415	0.0582620049623
8748	0.0569381303581
10322	0.0574736067458
12178	0.0579089618042
14368	0.0556976310328
16952	0.0554755390725
20000	0.0568707995233
