32	0.0665878077052
37	0.0656951500076
44	0.0654717511249
52	0.0648875834358
61	0.0640872812342
72	0.0637547566993
85	0.0630008597771
101	0.0624335906725
119	0.0618938957377
140	0.0614718017907
165	0.0608199646693
195	0.060272753374
230	0.0598043505248
271	0.0592003233449
320	0.0587153403284
378	0.0581734439621
446	0.0576369332034
526	0.0571084370428
621	0.056554870304
732	0.0560757598615
864	0.0555397359828
1019	0.0550301795937
1202	0.054538718776
1419	0.0540015430205
1674	0.0535000959272
1975	0.0530438158283
2330	0.0526133844928
2749	0.0520124960572
3243	0.0515268771249
3827	0.0510942180016
4515	0.0507289992453
5327	0.0502254856171
6285	0.0496997249796
7415	0.0491387037307
8748	0.047951231402
10322	0.0483313353717
12178	0.048626154539
14368	0.0466995756136
16952	0.0464449407703
20000	0.0475438340808
