32	0.0598085242089
37	0.0588960806813
44	0.0586509419168
52	0.0580463430273
61	0.057228896889
72	0.0568764625919
85	0.0561070845979
101	0.0555227779655
119	0.0549677573523
140	0.0545292654402
165	0.0538659186042
195	0.0533058352743
230	0.0528237736124
271	0.0522108107275
320	0.0517140013408
378	0.051162858141
446	0.0506183632603
526	0.050082490352
621	0.0495233458072
732	0.0490359466515
864	0.0484972872887
1019	0.0479821402306
1202	0.0474866837763
1419	0.046950192692
1674	0.0464483007601
1975	0.0459853005545
2330	0.0455472292784
2749	0.0449617681175
3243	0.044477999945
3827	0.044041054313
4515	0.0436634270341
5327	0.043167848416
6285	0.0426544948863
7415	0.0421123032484
8748	0.0410353998082
10322	0.0413013890838
12178	0.0414937705521
14368	0.039791925608
16952	0.0395180318285
20000	0.0403953210031
