32	0.0543241193186
37	0.0533997823749
44	0.0531351085757
52	0.0525154028727
61	0.051687914026
72	0.0513188581664
85	0.0505407087217
101	0.0499446114209
119	0.0493792738788
140	0.0489285281959
165	0.0482595196048
195	0.0476916549709
230	0.0472004860074
271	0.0465839941819
320	0.0460800689988
378	0.0455247375088
446	0.0449771699082
526	0.0444388195683
621	0.043879124563
732	0.0433883746462
864	0.0428513837184
1019	0.0423358345244
1202	0.0418409094181
1419	0.0413091930129
1674	0.0408109098919
1975	0.0403468665687
2330	0.0399068610222
2749	0.0393381743542
3243	0.0388602984333
3827	0.0384244308095
4515	0.0380414792241
5327	0.0375568484812
6285	0.0370580507036
7415	0.0365355586535
8748	0.0355511725577
10322	0.0357314452467
12178	0.0358475630568
14368	0.034328646958
16952	0.0340444450252
20000	0.0347516103451
