32	0.0497774247007
37	0.0488471093621
44	0.0485649343123
52	0.0479342926411
61	0.0471020775596
72	0.0467191792806
85	0.045937274372
101	0.0453334516684
119	0.0447616611228
140	0.0443019792287
165	0.0436316498175
195	0.0430598797
230	0.0425631473774
271	0.0419471117335
320	0.0414396805769
378	0.0408839305896
446	0.0403369331355
526	0.0397997201289
621	0.0392431184753
732	0.0387526672673
864	0.0382204682062
1019	0.0377082330632
1202	0.0372171187012
1419	0.0366930612968
1674	0.03620127648
1975	0.0357401968388
2330	0.0353023045672
2749	0.0347512146287
3243	0.0342820126503
3827	0.0338509469877
4515	0.033467626566
5327	0.0329959193912
6285	0.0325130061636
7415	0.0320105972916
8748	0.0311053535079
10322	0.0312202516139
12178	0.0312788107143
14368	0.0299121547571
16952	0.0296238075413
20000	0.0301978434915
