32	0.0426454048786
37	0.0417154974521
44	0.0414037833348
52	0.0407605553819
61	0.0399299814133
72	0.0395261857306
85	0.0387472096107
101	0.0381368358711
119	0.037560543222
140	0.0370905538879
165	0.0364265119463
195	0.0358551929589
230	0.0353551128536
271	0.034748087884
320	0.0342413912591
378	0.0336925810556
446	0.0331541776407
526	0.0326265774555
621	0.0320833641219
732	0.0316009477105
864	0.0310844683234
1019	0.0305860915102
1202	0.0301090468818
1419	0.0296057022916
1674	0.0291324134204
1975	0.0286849188764
2330	0.0282590529936
2749	0.0277440525358
3243	0.0272971934835
3827	0.0268826439247
4515	0.0265080222798
5327	0.0260653152023
6285	0.0256159259223
7415	0.0251534153149
8748	0.0243774527628
10322	0.0244028814401
12178	0.0243841120686
14368	0.0232568239596
16952	0.0229717386832
20000	0.0233551725392
