32	0.0397904870028
37	0.0388650804542
44	0.0385410288279
52	0.037894981472
61	0.0370690734258
72	0.0366576091892
85	0.0358837027955
101	0.0352733147257
119	0.0346978259953
140	0.0342255723873
165	0.0335677080522
195	0.03299954348
230	0.032500636102
271	0.0319008207515
320	0.0313972514859
378	0.0308545540649
446	0.0303229514924
526	0.0298025975271
621	0.0292683892655
732	0.0287924777027
864	0.0282857944241
1019	0.0277966226136
1202	0.0273286575829
1419	0.0268372456706
1674	0.0263748555434
1975	0.0259365158119
2330	0.0255190978235
2749	0.0250220269742
3243	0.024587704233
3827	0.0241834492044
4515	0.0238161043771
5327	0.0233885408073
6285	0.022956036257
7415	0.0225128539692
8748	0.0217905711658
10322	0.0217855479195
12178	0.0217411080643
14368	0.0207095343648
16952	0.0204296309671
20000	0.0207442550496
