32	0.0372902966343
37	0.0363713556815
44	0.0360364010755
52	0.035389270414
61	0.0345697799203
72	0.0341521683179
85	0.0333849649334
101	0.0327761508788
119	0.0322029391562
140	0.031729891137
165	0.0310795467391
195	0.0305159037574
230	0.0300195470241
271	0.0294281069232
320	0.028928957725
378	0.0283935379541
446	0.0278698207884
526	0.0273577543944
621	0.0268334869481
732	0.0263651516837
864	0.025869020511
1019	0.025389949903
1202	0.024931872299
1419	0.0244529244928
1674	0.0240020201388
1975	0.0235737407103
2330	0.0231657222947
2749	0.0226862437775
3243	0.0222648522812
3827	0.0218716088922
4515	0.0215126886773
5327	0.0211002804152
6285	0.0206844076861
7415	0.0202599278578
8748	0.0195856084938
10322	0.0195568232905
12178	0.019492750636
14368	0.0185447789149
16952	0.0182714471424
20000	0.0185298766285
