32	0.0350830544884
37	0.0341720532677
44	0.0338275002853
52	0.0331806925942
61	0.0323689287369
72	0.0319464851663
85	0.0311871984422
101	0.0305812161073
119	0.0300114375042
140	0.02953879794
165	0.0288969468628
195	0.028338866939
230	0.0278461426846
271	0.027263899509
320	0.0267701559124
378	0.0262428525003
446	0.0257277871363
526	0.025224732684
621	0.0247110195243
732	0.0242510135667
864	0.0237659042261
1019	0.0232975039187
1202	0.0228498251453
1419	0.02238360139
1674	0.0219444989584
1975	0.0215268383516
2330	0.0211288215772
2749	0.0206664673185
3243	0.0202581387393
3827	0.0198762969382
4515	0.0195265386365
5327	0.0191290899379
6285	0.0187294337641
7415	0.0183229331985
8748	0.0176917053937
10322	0.0176443872391
12178	0.017565371512
14368	0.0166909227984
16952	0.0164250660642
20000	0.0166373104507
