32	0.0331211740468
37	0.032219200291
44	0.0318662320005
52	0.0312208844456
61	0.0304178078057
72	0.0299916690786
85	0.0292411823863
101	0.0286390216401
119	0.0280735762958
140	0.0276023260469
165	0.0269696525315
195	0.0264179166141
230	0.0259296656803
271	0.0253571727949
320	0.0248695733127
378	0.0243509682501
446	0.0238450715046
526	0.0233515057208
621	0.022848711955
732	0.0223975391835
864	0.021923700447
1019	0.0214662898501
1202	0.0210292930102
1419	0.0205758481799
1674	0.0201486576925
1975	0.0197419128037
2330	0.0193542351714
2749	0.0189084444126
3243	0.0185131155148
3827	0.0181428220635
4515	0.0178026563712
5327	0.0174198230198
6285	0.0170358550344
7415	0.0166465492171
8748	0.0160542056945
10322	0.0159924766251
12178	0.0159021823742
14368	0.0150927623852
16952	0.014834925386
20000	0.0150090120522
