32	0.0313672924875
37	0.0304751274606
44	0.030114813787
52	0.0294718420291
61	0.0286781368495
72	0.0282492839866
85	0.0275082189974
101	0.0269106510333
119	0.0263502308089
140	0.0258811649337
165	0.0252581252566
195	0.0247133045463
230	0.0242301703966
271	0.0236677708357
320	0.0231868542145
378	0.022677326386
446	0.0221809185133
526	0.0216971238928
621	0.0212054226586
732	0.0207633912515
864	0.0203009013909
1019	0.0198546087249
1202	0.0194284008174
1419	0.0189876353086
1674	0.018572310239
1975	0.0181765803432
2330	0.0177993786858
2749	0.0173695275569
3243	0.0169869916677
3827	0.0166282127937
4515	0.016297840878
5327	0.0159291742108
6285	0.0155602903739
7415	0.0151873602852
8748	0.0146302313644
10322	0.0145573531262
12178	0.0144586586607
14368	0.0137070352497
16952	0.0134575003252
20000	0.013599912146
