32	0.0297915882084
37	0.0289097688112
44	0.0285430748029
52	0.0279032108726
61	0.027119341124
72	0.02668861874
85	0.0259573887098
101	0.0253650050664
119	0.0248101313456
140	0.024343888606
165	0.0237307585818
195	0.0231932545836
230	0.0227157183155
271	0.0221635897104
320	0.0216897325288
378	0.0211894996902
446	0.0207027457155
526	0.0202288521248
621	0.0197482680951
732	0.0193155322562
864	0.0188643379803
1019	0.0184291452854
1202	0.0180136977142
1419	0.0175853961772
1674	0.017181771663
1975	0.016797007037
2330	0.0164302662832
2749	0.0160156904663
3243	0.0156456365558
3827	0.01529820521
4515	0.014977656559
5327	0.0146226366258
6285	0.0142681851939
7415	0.0139107975188
8748	0.0133856542068
10322	0.0133042220692
12178	0.0131993939901
14368	0.0124993524956
16952	0.0122582083725
20000	0.0123742233947
