32	0.0283699176642
37	0.0274987851893
44	0.0271265790294
52	0.0264904018379
61	0.0257166552367
72	0.0252847881868
85	0.0245636397969
101	0.0239768836889
119	0.023427937678
140	0.0229650248679
165	0.0223619370842
195	0.0218320135382
230	0.0213604222497
271	0.0208186120019
320	0.0203520588655
378	0.0198612107561
446	0.0193841530755
526	0.0189201704507
621	0.0184506136813
732	0.0180272064726
864	0.0175871534748
1019	0.017162931319
1202	0.016758111475
1419	0.0163419727403
1674	0.0159497952578
1975	0.0155758343846
2330	0.0152194249316
2749	0.0148194371036
3243	0.0144614795463
3827	0.0141251313112
4515	0.0138143075368
5327	0.0134723681565
6285	0.0131316706127
7415	0.0127889927394
8748	0.0122929739631
10322	0.0122050581477
12178	0.0120958841991
14368	0.0114420436975
16952	0.0112092375527
20000	0.0113031781852
