32	0.0270824901144
37	0.0262222288518
44	0.0258452895367
52	0.0252132497055
61	0.0244497725712
72	0.0240173803616
85	0.0233064268517
101	0.02272561857
119	0.022182865813
140	0.0217236779847
165	0.0211306512361
195	0.0206084597933
230	0.0201430497637
271	0.0196115027837
320	0.0191523907692
378	0.0186709154547
446	0.0182034997031
526	0.0177493439303
621	0.0172906363727
732	0.0168764957453
864	0.0164473526962
1019	0.0160338871904
1202	0.0156394832527
1419	0.0152351435097
1674	0.0148540940108
1975	0.0144906922328
2330	0.0141443988445
2749	0.0137583019291
3243	0.0134120033029
3827	0.0130864037769
4515	0.0127851120508
5327	0.0124556596355
6285	0.0121280263495
7415	0.0117992372347
8748	0.0113297929882
10322	0.0112370476939
12178	0.0111249379617
14368	0.0105126081844
16952	0.0102879846619
20000	0.0103634097457
