32	0.024847440157
37	0.0240089940353
44	0.023624604678
52	0.02300177667
61	0.0222588453565
72	0.0218269011003
85	0.0211362702135
101	0.0205679268622
119	0.0200379909618
140	0.0195870732785
165	0.0190138822442
195	0.0185072617096
230	0.0180545717853
271	0.0175430817291
320	0.0170989290072
378	0.0166358580514
446	0.016187275161
526	0.0157522433935
621	0.0153144476772
732	0.0149183732213
864	0.0145101386985
1019	0.0141173080351
1202	0.0137428771841
1419	0.0133608794912
1674	0.013000953135
1975	0.0126577089561
2330	0.0123307665583
2749	0.011970368753
3243	0.0116459515933
3827	0.0113406663896
4515	0.0110576046373
5327	0.010751302941
6285	0.0104477394365
7415	0.0101443477038
8748	0.009721429393
10322	0.00962272614671
12178	0.00950783780377
14368	0.00896668124276
16952	0.0087576865355
20000	0.00880441283071
