32	0.0238745153894
37	0.0230468300903
44	0.0226595802144
52	0.0220416586068
61	0.0213088390626
72	0.0208777138748
85	0.0201970561996
101	0.0196350738963
119	0.0191116166001
140	0.0186650950278
165	0.0181015504796
195	0.017602633883
230	0.0171563439156
271	0.0166545357296
320	0.0162177719232
378	0.0157636189193
446	0.01532412114
526	0.0148982857233
621	0.0144704642181
732	0.014083087158
864	0.013684776815
1019	0.0133017438258
1202	0.0129367938874
1419	0.0125652888806
1674	0.0122153020931
1975	0.0118815822926
2330	0.0115637968773
2749	0.0112152281718
3243	0.0109010016615
3827	0.0106052285507
4515	0.0103307815947
5327	0.0100351460252
6285	0.00974261185649
7415	0.00945078193339
8748	0.00904824329546
10322	0.00894793245455
12178	0.00883277141387
14368	0.00832218013383
16952	0.00812054624714
20000	0.0081561852614
