32	0.0229842843116
37	0.0221671693344
44	0.0217775497924
52	0.0211646439631
61	0.0204417455955
72	0.0200117483847
85	0.0193408607317
101	0.0187852423207
119	0.0182682339893
140	0.0178262014509
165	0.017272059197
195	0.016780722901
230	0.0163407865257
271	0.0158483752733
320	0.0154188736835
378	0.0149733935792
446	0.0145427090822
526	0.0141257784267
621	0.0137075701098
732	0.0133286181056
864	0.0129398462489
1019	0.012566229655
1202	0.0122103904789
1419	0.0118489080336
1674	0.0115084250662
1975	0.0111838299013
2330	0.0108748234706
2749	0.0105374250512
3243	0.0102328823527
3827	0.00994617321628
4515	0.00967997393601
5327	0.00939441076711
6285	0.00911225969279
7415	0.0088312736938
8748	0.008447433057
10322	0.00834618494295
12178	0.00823127860753
14368	0.00774839875779
16952	0.00755379028416
20000	0.00758004837493
