32	0.0221683176368
37	0.0213615301058
44	0.0209699746844
52	0.0203621386051
61	0.0196489239192
72	0.0192203072991
85	0.0185589428296
101	0.0180096417299
119	0.017499007541
140	0.0170615073983
165	0.0165164886354
195	0.0160325692499
230	0.0155988971977
271	0.0151155694264
320	0.0146931655584
378	0.0142560833349
446	0.0138339134256
526	0.0134255712267
621	0.013016595957
732	0.0126457715284
864	0.012266138051
1019	0.0119015410274
1202	0.011554427677
1419	0.0112024928628
1674	0.0108710710076
1975	0.0105551887565
2330	0.0102545699144
2749	0.00992770277513
3243	0.00963233966602
3827	0.00935424231215
4515	0.00909591019777
5327	0.00881984045506
6285	0.00854744819656
7415	0.0082766199435
8748	0.00790994921285
10322	0.00780829222458
12178	0.0076940450514
14368	0.00723632982893
16952	0.00704839965972
20000	0.00706670628613
