32	0.0214193555777
37	0.0206226109025
44	0.0202295014576
52	0.0196267420198
61	0.0189229362473
72	0.0184959031189
85	0.0178437804811
101	0.0173007088859
119	0.0167963366176
140	0.0163633700877
165	0.0158271693513
195	0.015350471467
230	0.0149229391858
271	0.0144483602097
320	0.0140328593044
378	0.0136038772555
446	0.013189903323
526	0.0127898153877
621	0.0123896803978
732	0.0120266678518
864	0.0116557639877
1019	0.0112997805137
1202	0.0109609992702
1419	0.0106181373012
1674	0.0102953320286
1975	0.00998774520285
2330	0.00969511554549
2749	0.00937816219463
3243	0.00909148134667
3827	0.00882154487331
4515	0.00857069285596
5327	0.00830355506509
6285	0.00804032104807
7415	0.00777899639917
8748	0.00742810233146
10322	0.00732645273306
12178	0.00721316948146
14368	0.00677833626085
16952	0.00659673207516
20000	0.0066082918608
