32	0.0207311117974
37	0.0199440923669
44	0.01954976355
52	0.018952047616
61	0.0182573465706
72	0.0178320559315
85	0.0171888667083
101	0.0166519024654
119	0.0161536490021
140	0.0157251815028
165	0.0151974730954
195	0.0147277756739
230	0.0143062296971
271	0.0138400494605
320	0.0134312327169
378	0.0130100363142
446	0.012603925463
526	0.01221174518
621	0.0118200501943
732	0.0114645211557
864	0.0111019341034
1019	0.0107541538131
1202	0.0104233068433
1419	0.0100890468512
1674	0.00977441575627
1975	0.00947470582942
2330	0.0091896648104
2749	0.0088820302937
3243	0.00860354437456
3827	0.00834132315142
4515	0.00809756277951
5327	0.00783881473717
6285	0.00758416301036
7415	0.00733171960158
8748	0.00699532889285
10322	0.00689401011496
12178	0.00678191540591
14368	0.00636791208323
16952	0.00619228192603
20000	0.00619811073549
