32	0.0200981166766
37	0.0193204789545
44	0.0189252225596
52	0.0183324829485
61	0.0176465594357
72	0.017223131517
85	0.0165885462975
101	0.0160575386932
119	0.0155652354729
140	0.0151412020473
165	0.0146216452421
195	0.0141587068974
230	0.0137429701803
271	0.0132848279607
320	0.0128824576794
378	0.0124687203163
446	0.0120701298867
526	0.0116855025957
621	0.0113018438434
732	0.0109534616755
864	0.0105987781797
1019	0.0102587901208
1202	0.00993547910039
1419	0.00960935694142
1674	0.0093024627135
1975	0.00901021370323
2330	0.00873236233686
2749	0.00843347468515
3243	0.0081627085394
3827	0.00790776510652
4515	0.00767071042353
5327	0.00741983022666
6285	0.00717320975795
7415	0.00692905630422
8748	0.00660600253904
10322	0.00650526138776
12178	0.00639451533009
14368	0.00599949148144
16952	0.00582948786988
20000	0.00583044297207
