32	0.0195155908714
37	0.0187469711883
44	0.0183510401427
52	0.0177631807228
61	0.0170856897701
72	0.016664210583
85	0.0160378839088
101	0.0155126585356
119	0.015026116115
140	0.0146064260707
165	0.0140946693196
195	0.0136382326823
230	0.0132281090769
271	0.0127776372389
320	0.0123814610712
378	0.0119748479007
446	0.0115834290691
526	0.0112059955328
621	0.0108299688703
732	0.0104883921998
864	0.0101412012497
1019	0.00980859680064
1202	0.00949242570756
1419	0.00917398598947
1674	0.00887439859089
1975	0.00858919974246
2330	0.0083181434053
2749	0.00802745361571
3243	0.00776394572707
3827	0.00751585284531
4515	0.00728512325099
5327	0.00704160974555
6285	0.00680249425526
7415	0.00656606953778
8748	0.00625528126997
10322	0.00615530332755
12178	0.00604601369154
14368	0.0056682948702
16952	0.00550357716848
20000	0.00550038508605
