32	0.0189793424604
37	0.0182193617379
44	0.0178229737577
52	0.0172398737881
61	0.01657045691
72	0.0161509822689
85	0.0155325566609
101	0.0150129195186
119	0.0145319313998
140	0.0141164722837
165	0.0136121566043
195	0.0131619519233
230	0.0127572299187
271	0.0123140569042
320	0.0119238113511
378	0.0115239823535
446	0.0111393830084
526	0.0107687821533
621	0.0103999854657
732	0.0100648709561
864	0.00972476586956
1019	0.00939914090198
1202	0.00908971811461
1419	0.00877851562909
1674	0.00848581386579
1975	0.00820726159794
2330	0.0079426120675
2749	0.00765959377609
3243	0.00740289716647
3827	0.00716123920277
4515	0.00693646151278
5327	0.0066998343112
6285	0.00646772175596
7415	0.00623849338709
8748	0.00593898415197
10322	0.00583990455561
12178	0.00573213696042
14368	0.00537020354843
16952	0.00521044002903
20000	0.00520371702599
