32	0.0180313561897
37	0.0172874730273
44	0.0168906999184
52	0.0163166761823
61	0.0156622946432
72	0.0152468931546
85	0.0146431648841
101	0.0141340605595
119	0.0136635088477
140	0.0132561037077
165	0.0127655765147
195	0.0123269912684
230	0.0119323915895
271	0.0115026971451
320	0.0111234915713
378	0.0107362018895
446	0.0103641828699
526	0.010006167027
621	0.00965064067889
732	0.0093274229709
864	0.00900029412977
1019	0.00868744123074
1202	0.00839036510078
1419	0.00809234653922
1674	0.00781219280073
1975	0.00754575805479
2330	0.0072927898922
2749	0.007023622949
3243	0.00677926807914
3827	0.00654928339752
4515	0.00633532628113
5327	0.00611111178433
6285	0.00589159188982
7415	0.00567526736846
8748	0.0053956532931
10322	0.00529861806406
12178	0.00519396223174
14368	0.00485957048138
16952	0.00470876153821
20000	0.004696468801
