32	0.0176134836305
37	0.0168770447133
44	0.016480288591
52	0.0159105488735
61	0.0152631164171
72	0.0148497393748
85	0.0142527972907
101	0.013748613543
119	0.0132829238571
140	0.0128793133603
165	0.0123951301836
195	0.0119619204465
230	0.0115720243995
271	0.0111485116865
320	0.0107744055406
378	0.010392870932
446	0.010026615597
526	0.00967435724397
621	0.00932488260699
732	0.00900710456
864	0.00868588075318
1019	0.00837883567664
1202	0.00808737276683
1419	0.0077953245344
1674	0.00752085472554
1975	0.00725991040478
2330	0.00701223512451
2749	0.00674928968009
3243	0.00651049536794
3827	0.00628577505537
4515	0.00607670671724
5327	0.00585805768043
6285	0.00564417146961
7415	0.00543360485708
8748	0.00516273609832
10322	0.00506678643053
12178	0.00496367089861
14368	0.00464126187358
16952	0.0044944753301
20000	0.00448000063618
