32	0.0172295130425
37	0.0165001094897
44	0.0161034779225
52	0.0155378351038
61	0.0148969678914
72	0.014485582109
85	0.013895047619
101	0.013395541575
119	0.0129344664445
140	0.0125344805483
165	0.0120562747714
195	0.0116281460356
230	0.011242707104
271	0.0108250077685
320	0.0104557168674
378	0.0100795963808
446	0.0097187575799
526	0.00937190522806
621	0.00902810218492
732	0.00871542974783
864	0.00839973302197
1019	0.00809812139235
1202	0.00781190915521
1419	0.00752543278934
1674	0.00725626824456
1975	0.00700044907244
2330	0.00675771440389
2749	0.00650054718454
3243	0.00626692618244
3827	0.00604710605572
4515	0.00584259283788
5327	0.00562910668354
6285	0.00542043982053
7415	0.0052151994759
8748	0.00495235010125
10322	0.00485749553174
12178	0.00475588526142
14368	0.00444439717784
16952	0.00430134506028
20000	0.00428501110152
