32	0.0168771795267
37	0.0161544001886
44	0.015757979618
52	0.0151962358465
61	0.0145615483579
72	0.0141521046429
85	0.0135675982179
101	0.0130725200015
119	0.0126158064647
140	0.0122192661077
165	0.0117466726228
195	0.0113233283106
230	0.0109420957852
271	0.010529845034
320	0.0101650839595
378	0.00979403939175
446	0.00943827383054
526	0.00909648075801
621	0.00875797639219
732	0.0084500802417
864	0.00813954101893
1019	0.00784299717007
1202	0.00756168155363
1419	0.00728039038275
1674	0.00701616341015
1975	0.00676511443669
2330	0.006526977996
2749	0.00627516402363
3243	0.00604634322297
3827	0.0058310717836
4515	0.00563079060668
5327	0.00542208210077
6285	0.00521823932133
7415	0.00501791494424
8748	0.00476240808261
10322	0.00466864091494
12178	0.00456848665986
14368	0.00426694077325
16952	0.00412734607629
20000	0.00410942959117
