32	0.0165544710571
37	0.0158379037894
44	0.015441761659
52	0.014883710045
61	0.0142548162181
72	0.0138472513192
85	0.0132683935401
101	0.0127774877114
119	0.0123248786012
140	0.01193159725
165	0.0114642532163
195	0.0110453957185
230	0.0106681159016
271	0.0102609530554
320	0.00990043612456
378	0.0095341326383
446	0.00918310139822
526	0.00884602607274
621	0.00851245486037
732	0.00820901082319
864	0.00790326797828
1019	0.00761143496446
1202	0.00733467044268
1419	0.00705818927482
1674	0.0067985429219
1975	0.00655191937685
2330	0.00631804855924
2749	0.00607118005652
3243	0.00584679987816
3827	0.00563573788055
4515	0.0054393760673
5327	0.00523507630637
6285	0.00503568018255
7415	0.00483988128376
8748	0.00459108434415
10322	0.00449838195023
12178	0.00439962337131
14368	0.0041071150673
16952	0.00397071164634
20000	0.00395144913716
