32	0.0162595995665
37	0.0155488322197
44	0.0151530189211
52	0.0145984449835
61	0.0139749590944
72	0.0135691974291
85	0.0129956097872
101	0.0125086165385
119	0.0120598515394
140	0.0116696365002
165	0.0112071818901
195	0.0107925133812
230	0.0104189305624
271	0.0100164994129
320	0.00965994142978
378	0.00929804797423
446	0.00895141683891
526	0.00861872315763
621	0.00828972699327
732	0.00799041628611
864	0.00768911706125
1019	0.00740164652522
1202	0.00712909598131
1419	0.0068570606747
1674	0.00660164836944
1975	0.00635911537841
2330	0.00612918711087
2749	0.00588687237933
3243	0.00566658607992
3827	0.00545940599135
4515	0.00526666094891
5327	0.00506641631173
6285	0.00487110600881
7415	0.00467946041162
8748	0.00443678067008
10322	0.00434510768674
12178	0.0042476758191
14368	0.00396336653097
16952	0.00382989877422
20000	0.00380949176619
