32	0.0159909763874
37	0.0152855975573
44	0.0148901482125
52	0.0143388311128
61	0.0137203684378
72	0.0133163236281
85	0.0127476291166
101	0.0122642852621
119	0.0118191017727
140	0.0114317552981
165	0.0109738332684
195	0.0105630563343
230	0.0101929135768
271	0.00979486257747
320	0.00944197940182
378	0.00908416898011
446	0.00874160859131
526	0.0084129659703
621	0.00808819405834
732	0.00779270338529
864	0.00749550314073
1019	0.00721205509515
1202	0.0069433895958
1419	0.0066754465299
1674	0.00642393161743
1975	0.00618516381871
2330	0.00595886421734
2749	0.00572072649001
3243	0.0055041994076
3827	0.00530058478828
4515	0.0051111635822
5327	0.00491463466288
6285	0.00472306470267
7415	0.00453521708302
8748	0.00429809731776
10322	0.00420740891759
12178	0.00411122787332
14368	0.00383433714878
16952	0.00370355925785
20000	0.00368218066341
