32	0.015747191336
37	0.0150467909163
44	0.0146517270083
52	0.0141034406023
61	0.0134896179005
72	0.0130871941355
85	0.0125230176706
101	0.0120430574591
119	0.0116011912882
140	0.0112165115139
165	0.0107627686258
195	0.0103555867328
230	0.00998862648964
271	0.00959460881918
320	0.00924511777729
378	0.00889106756697
446	0.008552253463
526	0.00822733680362
621	0.00790644544132
732	0.00761446696003
864	0.00732102886539
1019	0.00704127134793
1202	0.00677616981333
1419	0.00651197530092
1674	0.00626403051529
1975	0.00602871158448
2330	0.00580573550999
2749	0.00557141181991
3243	0.0053583205778
3827	0.0051579654022
4515	0.00497158424879
5327	0.00477844478482
6285	0.00459028382462
7415	0.00440589429441
8748	0.00417380910214
10322	0.00408405255122
12178	0.00398904111468
14368	0.0037188401067
16952	0.00359051556245
20000	0.0035683135951
