32	0.0155269948655
37	0.0148311644341
44	0.0144364953039
52	0.0138910090362
61	0.0132814448799
72	0.0128805381287
85	0.0123205068259
101	0.0118436626027
119	0.0114048485247
140	0.0110226302545
165	0.0105727165722
195	0.0101688344021
230	0.00980479899339
271	0.00941447250784
320	0.0090680926731
378	0.00871748403569
446	0.00838209658076
526	0.00806058613522
621	0.00774323840846
732	0.00745446959696
864	0.0071644642371
1019	0.00688807289627
1202	0.00662622169667
1419	0.00636544134279
1674	0.00612074822095
1975	0.00588857033304
2330	0.00566862088235
2749	0.00543776093746
3243	0.0052277926197
3827	0.00503040055633
4515	0.00484678425415
5327	0.00465672005806
6285	0.00447164969115
7415	0.00429039242817
8748	0.00406284478495
10322	0.00397396098882
12178	0.00388003384645
14368	0.00361583932077
16952	0.00348974024005
20000	0.00346684211255
