32	0.0151530834247
37	0.0144651755645
44	0.0140712822127
52	0.0135306905929
61	0.0129285074183
72	0.0125302950034
85	0.0119774448521
101	0.0115060245806
119	0.0110725169447
140	0.0106945959399
165	0.0102513047692
195	0.00985314197111
230	0.00949418434273
271	0.00911023174582
320	0.00876923929176
378	0.0084245741198
446	0.00809509950139
526	0.00777946249277
621	0.00746821652205
732	0.00718497961893
864	0.00690087883138
1019	0.00663027480713
1202	0.00637401082635
1419	0.00611908935158
1674	0.00587997621093
1975	0.00565318795927
2330	0.00543843115357
2749	0.00521349298719
3243	0.00500886939612
3827	0.00481654957648
4515	0.00463766860076
5327	0.0044528554065
6285	0.00427305691526
7415	0.00409713640832
8748	0.00387727083494
10322	0.00378993564269
12178	0.00369790951567
14368	0.00344383428279
16952	0.00332153369916
20000	0.00329755591251
