32	0.0149975461528
37	0.0143129950404
44	0.0139194648653
52	0.0133809622831
61	0.0127819057906
72	0.0123848592081
85	0.0118350498428
101	0.011365935968
119	0.0109346823924
140	0.0105585933385
165	0.0101181021387
195	0.00972236216948
230	0.00936555861875
271	0.00898429711058
320	0.0086455848209
378	0.00830342919639
446	0.00797644935067
526	0.00766328892738
621	0.00735461257076
732	0.00707370721631
864	0.00679209062833
1019	0.00652392042796
1202	0.00627000574508
1419	0.00601754407321
1674	0.00578077359733
1975	0.00555624787014
2330	0.0053436706227
2749	0.00512121035071
3243	0.00491882524459
3827	0.0047286301336
4515	0.00455173361013
5327	0.00436911507572
6285	0.0041915179887
7415	0.00401782366349
8748	0.00380114440738
10322	0.00371447831065
12178	0.00362326473484
14368	0.00337336815735
16952	0.00325265435472
20000	0.00322826585261
