32	0.014861932298
37	0.0141803376648
44	0.0137871441776
52	0.0132504889501
61	0.0126541860451
72	0.0122581780928
85	0.0117110460709
101	0.0112439676321
119	0.0108147021529
140	0.0104402320598
165	0.0100022040941
195	0.00960859784929
230	0.00925369279765
271	0.00887479689847
320	0.00853809168436
378	0.00819814215235
446	0.00787335452003
526	0.00756236956023
621	0.00725594881095
732	0.00697709099757
864	0.00669765389061
1019	0.00643161843485
1202	0.00617976417505
1419	0.00592945805179
1674	0.00569474044199
1975	0.00547219722193
2330	0.00526152963972
2749	0.00504123674619
3243	0.00484081057196
3827	0.00465247497573
4515	0.00447731561887
5327	0.00429661544535
6285	0.00412094165765
7415	0.00394919116264
8748	0.00373528551063
10322	0.00364921422459
12178	0.00355871951291
14368	0.00331245149126
16952	0.00319312432094
20000	0.00316839550189
