32	0.01474560696
37	0.0140665704844
44	0.0136736809739
52	0.0131386298014
61	0.0125447093347
72	0.0121496089702
85	0.011604792983
101	0.0111394788337
119	0.0107119357486
140	0.0103388706155
165	0.00990297192152
195	0.00951121181791
230	0.00915795047308
271	0.00878109807763
320	0.00844612866345
378	0.00810808488599
446	0.00778519034724
526	0.00747608344067
621	0.00717160875369
732	0.00689451816344
864	0.00661696057107
1019	0.00635276564979
1202	0.00610268770456
1419	0.00585423856492
1674	0.00562128944937
1975	0.00540045400577
2330	0.00519143134135
2749	0.00497300261624
3243	0.00477426203225
3827	0.00458752658586
4515	0.00441386238687
5327	0.00423481123328
6285	0.00406078999664
7415	0.0038907088616
8748	0.0036791787806
10322	0.00359362630321
12178	0.00350375583133
14368	0.00326058902998
16952	0.00314245345842
20000	0.00311744610427
