32	0.0146480323246
37	0.0139711574675
44	0.0135785339512
52	0.0130448422446
61	0.012452934841
72	0.0120586078153
85	0.0115157484876
101	0.0110519274234
119	0.0106258413504
140	0.0102539664092
165	0.00981986549602
195	0.00942966535183
230	0.00907779369328
271	0.00870266567873
320	0.00836916243912
378	0.00803272683644
446	0.00771142931055
526	0.00740390631228
621	0.00710107204481
732	0.00682547160245
864	0.00654949771761
1019	0.00628685335402
1202	0.00603827176693
1419	0.00579138598454
1674	0.00555992570564
1975	0.00534052789823
2330	0.00513288987111
2749	0.00491602840081
3243	0.00471870543268
3827	0.00453331581508
4515	0.00436090934234
5327	0.00418324385757
6285	0.00401061074617
7415	0.00384193126126
8748	0.00363239130203
10322	0.00354727984702
12178	0.00345793843262
14368	0.00321736499106
16952	0.00310023049645
20000	0.00307499868585
