32	0.0145687620814
37	0.0138936538776
44	0.013501254001
52	0.0129686761581
61	0.0123784140038
72	0.0119847234427
85	0.0114434630922
101	0.0109808639315
119	0.010555969826
140	0.0101850697328
165	0.00975243725034
195	0.00936351212767
230	0.00901277685545
271	0.00863905665864
320	0.00830675142168
378	0.00797162879752
446	0.00765163480379
526	0.00734540436542
621	0.00704390820085
732	0.00676952361352
864	0.00649484113835
1019	0.00623346097691
1202	0.00598609932807
1419	0.0057404874509
1674	0.00551024033864
1975	0.00529201392436
2330	0.00508550405398
2749	0.00486991821093
3243	0.00467374941321
3827	0.00448945556428
4515	0.00431807326087
5327	0.00414153513212
6285	0.00397003103091
7415	0.0038024911561
8748	0.00359456610673
10322	0.00350981746719
12178	0.00342090937064
14368	0.00318243709519
16952	0.00306611678169
20000	0.00304070955819
