32	0.0145074368696
37	0.0138337016846
44	0.013441479572
52	0.0129097692143
61	0.0123207858136
72	0.0119275927509
85	0.01138757512
101	0.0109259267477
119	0.0105019598849
140	0.0101318188789
165	0.0097003272562
195	0.00931239327331
230	0.00896254171573
271	0.0085899148977
320	0.00825854071575
378	0.00792443784104
446	0.00760545606336
526	0.00730022914671
621	0.00699977150566
732	0.00672633077067
864	0.00645265033058
1019	0.00619225095708
1202	0.00594583572131
1419	0.0057012117235
1674	0.00547190538168
1975	0.00525458730209
2330	0.00504895220492
2749	0.00483435468334
3243	0.00463908030752
3827	0.00445563564851
4515	0.00428504712813
5327	0.00410938214471
6285	0.00393875225768
7415	0.00377209455804
8748	0.00356541778924
10322	0.003480952137
12178	0.00339238150971
14368	0.0031555314595
16952	0.00303984164779
20000	0.00301430237876
