32	0.0144637806639
37	0.0137910259221
44	0.0133989329956
52	0.0128678431704
61	0.0122797730755
72	0.0118869369542
85	0.0113478069146
101	0.0108868382959
119	0.0104635342261
140	0.0100939362505
165	0.00966325932132
195	0.00927603344124
230	0.00892681344391
271	0.00855496723093
320	0.00822425813231
378	0.00789088333169
446	0.00757262414489
526	0.00726811352227
621	0.00696839696425
732	0.00669562987854
864	0.00642266435547
1019	0.00616296466988
1202	0.0059172245861
1419	0.00567330510188
1674	0.005444669678
1975	0.00522799935915
2330	0.00502298807418
2749	0.00480909490786
3243	0.00461445807596
3827	0.00443161873296
4515	0.00426159607624
5327	0.00408655320636
6285	0.00391654608107
7415	0.00375051668307
8748	0.00354472796985
10322	0.00346046509891
12178	0.00337213588247
14368	0.00313643888233
16952	0.00302119823314
20000	0.00299556703228
