32	0.0144375980303
37	0.013765431923
44	0.0133734176906
52	0.0128427010506
61	0.012255179573
72	0.0118625587161
85	0.0113239619576
101	0.0108634021297
119	0.0104404966128
140	0.0100712254164
165	0.00964103802634
195	0.00925423782771
230	0.00890539761819
271	0.00853402043575
320	0.00820371115738
378	0.00787077387123
446	0.0075529488704
526	0.00724886861504
621	0.00694959723322
732	0.00667723488443
864	0.00640469878929
1019	0.00614541933901
1202	0.0059000847649
1419	0.00565658833305
1674	0.00542835579551
1975	0.00521207443883
2330	0.00500743773383
2749	0.0047939673412
3243	0.00459971322409
3827	0.00441723725522
4515	0.00424755430625
5327	0.00407288478307
6285	0.00390325134904
7415	0.00373759891402
8748	0.00353234267042
10322	0.00344820171136
12178	0.00336001780517
14368	0.00312501179235
16952	0.00301004070616
20000	0.00298435489226
