10 0.496259215576
11.7210229688 0.477593761638
13.7382379436 0.459519874847
16.1026202488 0.441978529925
18.8739181794 0.425078875056
22.1221629107 0.4088109563
25.9294379596 0.393032393985
30.3919537893 0.377836302594
35.6224788432 0.363327861409
41.7531892728 0.349284016105
48.9390091848 0.335768736238
57.3615250726 0.322747381826
67.2335752903 0.310224253514
78.8046280253 0.298217087255
92.3670855134 0.286627212337
108.263673387 0.275500576777
126.896100246 0.264807640617
148.735210564 0.254530733125
174.332881929 0.244637696141
204.335971331 0.235138534011
