10 0.49625921558
11.7210229688 0.477593761636
13.7382379436 0.459519874845
16.1026202488 0.441978529923
18.8739181794 0.425078875069
22.1221629107 0.408810956314
25.9294379596 0.393032393949
30.3919537893 0.377836302586
35.6224788432 0.363327861431
41.7531892728 0.3492840159
48.9390091848 0.335768736239
57.3615250726 0.322747381821
67.2335752903 0.310224253525
78.8046280253 0.29821708675
92.3670855134 0.286627214395
108.263673387 0.275500577038
126.896100246 0.264807640363
148.735210564 0.254530734388
174.332881929 0.244637695309
204.335971331 0.235138534122
239.502661999 0.225998410854
280.721620238 0.21722171485
329.034455866 0.208783050839
