0.0316227766017 0.999281443769
0.0370651290886 0.999013828701
0.043444122939 0.998647054938
0.0509209562828 0.998144831516
0.0596845698185 0.997457981112
0.0699564213727 0.996520211605
0.0819960821726 0.995242806561
0.0961077962498 0.993508238757
0.112648168733 0.991163022061
0.132035177311 0.988010743384
0.154758734596 0.983807349666
0.181393068282 0.978262610736
0.212611231972 0.971054296796
0.249202113337 0.96186450426
0.29209036943 0.950448893347
0.342359792907 0.936745042689
0.401280699626 0.921008042436
0.470342029726 0.903919952165
0.551288973362 0.886548587001
0.646167071923 0.869947636475
0.757373909171 0.854211368249
0.887719698537 0.837343050874
1.04049829764 0.815910934833
1.21957044457 0.789787488261
1.42946131929 0.76529285861
1.67547489564 0.744981927067
1.96382797355 0.720390838211
2.30180727848 0.696350371257
2.69795359809 0.673893908341
3.1622776092 0.65036683753
3.16227766017 0.650366835493
3.72759372031 0.625993428736
4.39397056076 0.603191500994
5.17947467923 0.580589658479
6.10540229659 0.558426189843
7.19685673001 0.537592238999
8.48342898244 0.516340598148
10 0.496259215577
11.7876863479 0.477015632713
13.8949549437 0.458120843705
16.3789370695 0.440055538351
19.3069772888 0.422653871947
22.7584592607 0.405888832067
26.8269579528 0.38978035245
31.6227766017 0.374228893046
31.6227766017 0.374228893046
37.2759372031 0.359239550642
43.9397056076 0.344846331057
51.7947467923 0.33103490888
61.0540229659 0.317750995214
71.9685673001 0.305009595044
84.8342898244 0.292777722732
100 0.281026826656
117.876863479 0.26973005472
138.949549437 0.25888072469
163.789370695 0.248475033146
193.069772888 0.2384816396
227.584592607 0.228892631709
268.269579528 0.219691832519
316.227766017 0.210859677493
