3.16227766017 0.650366835496
3.72759372031 0.625993428739
4.39397056076 0.603191500997
5.17947467923 0.580589658482
6.10540229659 0.558426189845
7.19685673001 0.537592239001
8.48342898244 0.516340598151
10 0.49625921558
11.7876863479 0.477015632715
13.8949549437 0.458120843707
16.3789370695 0.440055538353
19.3069772888 0.422653871949
22.7584592607 0.405888832069
26.8269579528 0.389780352452
31.6227766017 0.374228893048
31.6227766017 0.374228893048
37.2759372031 0.359239550644
43.9397056076 0.344846331059
51.7947467923 0.331034908881
61.0540229659 0.317750995215
71.9685673001 0.305009595045
84.8342898244 0.292777722733
100 0.281026826658
117.876863479 0.269730054721
138.949549437 0.258880724691
163.789370695 0.248475033147
193.069772888 0.238481639602
227.584592607 0.22889263171
268.269579528 0.21969183252
316.227766017 0.210859677494
