3.16227766017 0.650366835487
3.72759372031 0.625993428731
4.39397056076 0.603191500989
5.17947467923 0.580589658474
6.10540229659 0.558426189838
7.19685673001 0.537592238994
8.48342898244 0.516340598144
10 0.496259215573
11.7876863479 0.477015632709
13.8949549437 0.458120843701
16.3789370695 0.440055538347
19.3069772888 0.422653871944
22.7584592607 0.405888832064
26.8269579528 0.389780352446
31.6227766017 0.374228893043
31.6227766017 0.374228893043
37.2759372031 0.359239550639
43.9397056076 0.344846331054
51.7947467923 0.331034908877
61.0540229659 0.317750995211
71.9685673001 0.305009595041
84.8342898244 0.292777722729
100 0.281026826654
117.876863479 0.269730054718
138.949549437 0.258880724687
163.789370695 0.248475033144
193.069772888 0.238481639598
227.584592607 0.228892631707
268.269579528 0.219691832517
316.227766017 0.210859677491
