3.16227766017 0.650366835492
3.72759372031 0.625993428735
4.39397056076 0.603191500993
5.17947467923 0.580589658478
6.10540229659 0.558426189842
7.19685673001 0.537592238998
8.48342898244 0.516340598147
10 0.496259215576
11.7876863479 0.477015632712
13.8949549437 0.458120843704
16.3789370695 0.44005553835
19.3069772888 0.422653871946
22.7584592607 0.405888832067
26.8269579528 0.389780352449
31.6227766017 0.374228893045
31.6227766017 0.374228893045
37.2759372031 0.359239550641
43.9397056076 0.344846331056
51.7947467923 0.331034908879
61.0540229659 0.317750995213
71.9685673001 0.305009595043
84.8342898244 0.292777722731
100 0.281026826656
117.876863479 0.26973005472
138.949549437 0.258880724689
163.789370695 0.248475033145
193.069772888 0.2384816396
227.584592607 0.228892631709
268.269579528 0.219691832519
316.227766017 0.210859677493
