3.16227766017 0.65036683549
3.72759372031 0.625993428733
4.39397056076 0.603191500991
5.17947467923 0.580589658476
6.10540229659 0.55842618984
7.19685673001 0.537592238996
8.48342898244 0.516340598146
10 0.496259215575
11.7876863479 0.47701563271
13.8949549437 0.458120843703
16.3789370695 0.440055538349
19.3069772888 0.422653871945
22.7584592607 0.405888832065
26.8269579528 0.389780352448
31.6227766017 0.374228893044
31.6227766017 0.374228893044
37.2759372031 0.35923955064
43.9397056076 0.344846331055
51.7947467923 0.331034908878
61.0540229659 0.317750995212
71.9685673001 0.305009595042
84.8342898244 0.29277772273
100 0.281026826655
117.876863479 0.269730054719
138.949549437 0.258880724688
163.789370695 0.248475033144
193.069772888 0.238481639599
227.584592607 0.228892631708
268.269579528 0.219691832518
316.227766017 0.210859677492
