0.0316227766017 0.999281443769
0.0370651290886 0.999013828701
0.043444122939 0.998647054938
0.0509209562828 0.998144831516
0.0596845698185 0.997457981112
0.0699564213727 0.996520211605
0.0819960821726 0.995242806561
0.0961077962498 0.993508238757
0.112648168733 0.991163022061
0.132035177311 0.988010743384
0.154758734596 0.983807349666
0.181393068282 0.978262610736
0.212611231972 0.971054296796
0.249202113337 0.96186450426
0.29209036943 0.950448893347
0.342359792907 0.936745042689
0.401280699626 0.921008042436
0.470342029726 0.903919952165
0.551288973362 0.886548587001
0.646167071923 0.869947636475
0.757373909171 0.854211368249
0.887719698537 0.837343050874
1.04049829764 0.815910934833
1.21957044457 0.789787488261
1.42946131929 0.76529285861
1.67547489564 0.744981927067
1.96382797355 0.720390838211
2.30180727848 0.696350371257
2.69795359809 0.673893908341
3.1622776092 0.65036683753
3.16227766017 0.650366835486
3.72759372031 0.625993428729
4.39397056076 0.603191500988
5.17947467923 0.580589658472
6.10540229659 0.558426189836
7.19685673001 0.537592238993
8.48342898244 0.516340598143
10 0.496259215572
11.7876863479 0.477015632707
13.8949549437 0.4581208437
16.3789370695 0.440055538346
19.3069772888 0.422653871942
22.7584592607 0.405888832063
26.8269579528 0.389780352445
31.6227766017 0.374228893042
31.6227766017 0.374228893043
37.2759372031 0.359239550638
43.9397056076 0.344846331054
51.7947467923 0.331034908877
61.0540229659 0.317750995211
71.9685673001 0.305009595041
84.8342898244 0.292777722729
100 0.281026826654
117.876863479 0.269730054718
138.949549437 0.258880724687
163.789370695 0.248475033143
193.069772888 0.238481639598
227.584592607 0.228892631707
268.269579528 0.219691832517
316.227766017 0.210859677491
