3.16227766017 0.650366835486
3.72759372031 0.625993428729
4.39397056076 0.603191500988
5.17947467923 0.580589658472
6.10540229659 0.558426189836
7.19685673001 0.537592238993
8.48342898244 0.516340598142
10 0.496259215572
11.7876863479 0.477015632707
13.8949549437 0.4581208437
16.3789370695 0.440055538346
19.3069772888 0.422653871942
22.7584592607 0.405888832063
26.8269579528 0.389780352445
31.6227766017 0.374228893042
31.6227766017 0.374228893041
37.2759372031 0.359239550637
43.9397056076 0.344846331052
51.7947467923 0.331034908875
61.0540229659 0.317750995209
71.9685673001 0.305009595039
84.8342898244 0.292777722728
100 0.281026826652
117.876863479 0.269730054716
138.949549437 0.258880724686
163.789370695 0.248475033142
193.069772888 0.238481639597
227.584592607 0.228892631706
268.269579528 0.219691832516
316.227766017 0.21085967749
