10 0.496259215573
11.7210229688 0.47759376163
13.7382379436 0.459519874839
16.1026202488 0.441978529917
18.8739181794 0.425078875063
22.1221629107 0.40881095631
25.9294379596 0.393032393945
30.3919537893 0.377836302583
35.6224788432 0.363327861428
41.7531892728 0.349284015897
48.9390091848 0.335768736235
57.3615250726 0.322747381817
67.2335752903 0.310224253521
78.8046280253 0.298217086746
92.3670855134 0.286627214392
108.263673387 0.275500577036
126.896100246 0.26480764036
148.735210564 0.254530734386
174.332881929 0.244637695307
204.335971331 0.23513853412
239.502661999 0.225998410852
280.721620238 0.217221714848
329.034455866 0.208783050837
