3.16227766017 0.650366835496
3.72759372031 0.625993428739
4.39397056076 0.603191500997
5.17947467923 0.580589658481
6.10540229659 0.558426189845
7.19685673001 0.537592239001
8.48342898244 0.51634059815
10 0.496259215579
11.7876863479 0.477015632715
13.8949549437 0.458120843707
16.3789370695 0.440055538353
19.3069772888 0.422653871949
22.7584592607 0.405888832069
26.8269579528 0.389780352451
31.6227766017 0.374228893048
31.6227766017 0.374228893047
37.2759372031 0.359239550642
43.9397056076 0.344846331057
51.7947467923 0.33103490888
61.0540229659 0.317750995214
71.9685673001 0.305009595044
84.8342898244 0.292777722732
100 0.281026826657
117.876863479 0.26973005472
138.949549437 0.25888072469
163.789370695 0.248475033146
193.069772888 0.238481639601
227.584592607 0.22889263171
268.269579528 0.219691832519
316.227766017 0.210859677493
