3.162278 0.650367 
3.727594 0.625993 
4.393971 0.603192 
5.179475 0.580590 
6.105402 0.558426 
7.196857 0.537592 
8.483429 0.516341 
10.000000 0.496259 
11.787686 0.477016 
13.894955 0.458121 
16.378937 0.440056 
19.306977 0.422654 
22.758459 0.405889 
26.826958 0.389780 
31.622777 0.374229 
31.622777 0.374229 
37.275937 0.359240 
43.939706 0.344846 
51.794747 0.331035 
61.054023 0.317751 
71.968567 0.305010 
84.834290 0.292778 
100.000000 0.281027 
117.876863 0.269730 
138.949549 0.258881 
163.789371 0.248475 
193.069773 0.238482 
227.584593 0.228893 
268.269580 0.219692 
316.227766 0.210860 
