3.16227766017 0.650366835495
3.72759372031 0.625993428738
4.39397056076 0.603191500996
5.17947467923 0.58058965848
6.10540229659 0.558426189844
7.19685673001 0.537592239
8.48342898244 0.51634059815
10 0.496259215578
11.7876863479 0.477015632714
13.8949549437 0.458120843706
16.3789370695 0.440055538352
19.3069772888 0.422653871948
22.7584592607 0.405888832068
26.8269579528 0.389780352451
31.6227766017 0.374228893047
31.6227766017 0.374228893047
37.2759372031 0.359239550643
43.9397056076 0.344846331058
51.7947467923 0.331034908881
61.0540229659 0.317750995214
71.9685673001 0.305009595044
84.8342898244 0.292777722733
100 0.281026826657
117.876863479 0.269730054721
138.949549437 0.25888072469
163.789370695 0.248475033146
193.069772888 0.238481639601
227.584592607 0.22889263171
268.269579528 0.219691832519
316.227766017 0.210859677494
