10 0.0122436898828
11.7210229688 0.0115904394741
13.7382379436 0.0111670818533
16.1026202488 0.0106604787054
18.8739181794 0.0102303347417
22.1221629107 0.00970803562571
25.9294379596 0.00906735636575
30.3919537893 0.00865861048695
35.6224788432 0.0082354943756
41.7531892728 0.00781751922539
48.9390091848 0.00749308796534
57.3615250726 0.00707156136681
67.2335752903 0.00675334858644
78.8046280253 0.00643054172553
92.3670855134 0.00610406844901
108.263673387 0.0058170879614
126.896100246 0.00552182546053
148.735210564 0.00524547647301
174.332881929 0.00499853685419
204.335971331 0.00475192602457
239.502661999 0.00450785825929
280.721620238 0.00428942567988
329.034455866 0.00407676111456
385.662041473 0.0038768675281
452.035364631 0.00368914042663
