10 0.0846663644545
11.7210229688 0.0811388428468
13.7382379436 0.0795193876755
16.1026202488 0.0789439552141
18.8739181794 0.0774002319219
22.1221629107 0.0751839818508
25.9294379596 0.0707404420793
30.3919537893 0.0696722685145
35.6224788432 0.0672310116475
41.7531892728 0.0653617421691
48.9390091848 0.0649749069967
57.3615250726 0.0621500501663
67.2335752903 0.060977664478
78.8046280253 0.0598830777306
92.3670855134 0.0579185944993
108.263673387 0.0566606404334
126.896100246 0.054974007441
148.735210564 0.0534890249296
174.332881929 0.0525605179193
204.335971331 0.0512936309824
239.502661999 0.0497582875421
280.721620238 0.0485859443504
329.034455866 0.047419682453
385.662041473 0.0462805420192
452.035364631 0.0452546272411
529.831690628 0.0442432552973
621.016941546 0.0431801901957
727.895383589 0.0421586802064
853.167850995 0.0412678745663
999.999997777 0.0402093699086
1172.10229742 0.0393842410313
1373.82379499 0.0384133676441
1610.26202562 0.0376315587447
1887.39181881 0.0367321052649
2212.21628594 0.0359636440117
2592.94379712 0.0351821547234
3039.19538029 0.0344672214401
3562.24788591 0.0337794678982
4175.31892913 0.0331656398702
4893.90090705 0.0325572207174
