10 0.011773148889
11.7210229688 0.0111404108138
13.7382379436 0.0107255529219
16.1026202488 0.0102275030969
18.8739181794 0.00980687596281
22.1221629107 0.00929979095693
25.9294379596 0.00868446377663
30.3919537893 0.00828516784516
35.6224788432 0.00787599686778
41.7531892728 0.00747098909121
48.9390091848 0.00715326524044
57.3615250726 0.0067478918395
67.2335752903 0.00643867351424
78.8046280253 0.00612574132092
92.3670855134 0.00581107240751
108.263673387 0.00552800427809
126.896100246 0.00524394886971
148.735210564 0.00497802052007
174.332881929 0.00473958560232
204.335971331 0.00450240683798
239.502661999 0.00426841358598
280.721620238 0.00405849210115
329.034455866 0.00385442054285
385.662041473 0.00366269784731
452.035364631 0.00348263540011
529.831690628 0.00330894407295
621.016941546 0.0031440433689
727.895383589 0.00298779499909
853.167850995 0.00284123821976
999.999997777 0.00269949462198
1172.10229742 0.00256740528853
1373.82379499 0.00244073503516
1610.26202562 0.00232259629492
1887.39181881 0.00220977721605
2212.21628594 0.00210461740336
2592.94379712 0.00200610855983
3039.19538029 0.001914606087
3562.24788591 0.00183024985131
4175.31892913 0.00175388622985
4893.90090705 0.00168596269815
5736.15251104 0.00162866446463
6723.35753346 0.00158397997363
7880.46280772 0.00155593810342
9236.70855743 0.00155169310691
10826.3673158 0.00158572478602
12689.6100328 0.00169290975379
14873.521066 0.0019985459652
17433.2882041 0.00644967390605
20433.5971463 0.00193430404909
23950.2661487 0.00159398319896
28072.1620414 0.00157700657078
32903.4456072 0.00213927354093
38566.2041715 0.00183008728277
45203.5364915 0.00156713740419
52983.1689488 0.00340279126029
62101.6941926 0.0015556759295
72789.5384034 0.00196291954986
85316.7851516 0.00211347143855
99999.9998388 0.00167745566001
117210.229499 0.00165666913694
