10 0.0376862693851
11.7210229688 0.0359732568809
13.7382379436 0.0351228688652
16.1026202488 0.0344536581488
18.8739181794 0.0335982034718
22.1221629107 0.0323962838936
25.9294379596 0.0303779198113
30.3919537893 0.0296452205348
35.6224788432 0.0284941449367
41.7531892728 0.0274945333892
48.9390091848 0.02703520878
57.3615250726 0.0257466539493
67.2335752903 0.0250657737972
78.8046280253 0.0243716441769
92.3670855134 0.0234436970454
108.263673387 0.0227542861005
126.896100246 0.0219260581585
148.735210564 0.0211718655897
174.332881929 0.0206022749728
204.335971331 0.0199365231947
239.502661999 0.0191904485513
280.721620238 0.0185880675304
329.034455866 0.0179847257396
385.662041473 0.0174074821221
452.035364631 0.016874431882
