10 0.122226858171
11.7210229688 0.117361747917
13.7382379436 0.115136445171
16.1026202488 0.114712953022
18.8739181794 0.112643494147
22.1221629107 0.109615065623
25.9294379596 0.103380026124
30.3919537893 0.102102596212
35.6224788432 0.0986808465832
41.7531892728 0.0961901861934
48.9390091848 0.0959978732477
57.3615250726 0.0920137596212
67.2335752903 0.0904884137575
78.8046280253 0.0891473843933
92.3670855134 0.0863952956905
108.263673387 0.0847599718965
126.896100246 0.0824371655043
148.735210564 0.0804206885508
174.332881929 0.0792657450114
204.335971331 0.0775742673277
239.502661999 0.0753677884049
280.721620238 0.0737848290521
329.034455866 0.0722252979011
385.662041473 0.0706850082669
452.035364631 0.0693132392685
529.831690628 0.0680377548989
621.016941546 0.0665917099798
727.895383589 0.0652033129957
853.167850995 0.0640214769951
999.999997777 0.0625470605639
1172.10229742 0.0614617444769
1373.82379499 0.0601120594185
1610.26202562 0.05907854467
1887.39181881 0.0578288197613
2212.21628594 0.0567955120561
2592.94379712 0.0556683364335
3039.19538029 0.0546990726481
3562.24788591 0.0537608640695
4175.31892913 0.0529351917361
4893.90090705 0.0520918697776
