10 0.774416732477
11.7210229688 0.76553003346
13.7382379436 0.759942543896
16.1026202488 0.761851240993
18.8739181794 0.757137798076
22.1221629107 0.752402738375
25.9294379596 0.740120103355
30.3919537893 0.738515442317
35.6224788432 0.730326718206
41.7531892728 0.725577206685
48.9390091848 0.726241920784
57.3615250726 0.716952315381
67.2335752903 0.71346426318
78.8046280253 0.711613230672
92.3670855134 0.704497319897
108.263673387 0.701322470249
126.896100246 0.695578764886
148.735210564 0.690713726851
174.332881929 0.688521935731
204.335971331 0.684548212114
239.502661999 0.678562824135
280.721620238 0.674309307024
329.034455866 0.670465827332
385.662041473 0.666312392072
452.035364631 0.66260605062
529.831690628 0.659100164605
621.016941546 0.655015292445
727.895383589 0.651044858587
853.167850995 0.647864315286
999.999997777 0.643194722562
1172.10229742 0.640373127664
1373.82379499 0.636014675952
1610.26202562 0.633211626627
1887.39181881 0.629115409248
2212.21628594 0.626081632445
2592.94379712 0.622555533556
3039.19538029 0.619537059768
3562.24788591 0.616527943193
4175.31892913 0.614016218949
4893.90090705 0.611094302322
