10 0.0340725085293
11.7210229688 0.0325059535001
13.7382379436 0.0317151111508
16.1026202488 0.0310505466167
18.8739181794 0.0302507628711
22.1221629107 0.029135643758
25.9294379596 0.0273113085202
30.3919537893 0.0266126338097
35.6224788432 0.0255633462919
41.7531892728 0.0246379723534
48.9390091848 0.0242057821395
57.3615250726 0.0230380665009
67.2335752903 0.0223999978492
78.8046280253 0.0217459617806
92.3670855134 0.0208999788075
108.263673387 0.0202379100146
126.896100246 0.019480736892
148.735210564 0.0187886430889
174.332881929 0.0182551521207
204.335971331 0.0176423599072
239.502661999 0.0169646372343
280.721620238 0.0164113715833
329.034455866 0.0158577641093
385.662041473 0.0153291798684
452.035364631 0.0148397807334
