10 0.010106584603
11.7210229688 0.00954752314847
13.7382379436 0.00916434752352
16.1026202488 0.00870149145006
18.8739181794 0.00831666590443
22.1221629107 0.00786559394203
25.9294379596 0.00733957953098
30.3919537893 0.00697662151162
35.6224788432 0.0066174702035
41.7531892728 0.00625998488607
48.9390091848 0.00596914509173
57.3615250726 0.00562095178812
67.2335752903 0.00534530404497
78.8046280253 0.0050691498132
92.3670855134 0.00479673038478
108.263673387 0.00454883710745
126.896100246 0.00430398761666
148.735210564 0.00407465048536
174.332881929 0.00386668089017
204.335971331 0.00366268142077
239.502661999 0.0034636374383
280.721620238 0.00328359413727
329.034455866 0.0031096024109
385.662041473 0.00294642807446
452.035364631 0.00279319432056
