10 0.341334269322
11.7210229688 0.330810790415
13.7382379436 0.325520433063
16.1026202488 0.326290163477
18.8739181794 0.321654423604
22.1221629107 0.315817072221
25.9294379596 0.301872627033
30.3919537893 0.299792329225
35.6224788432 0.291742702866
41.7531892728 0.286537712722
48.9390091848 0.286896138018
57.3615250726 0.277571376112
67.2335752903 0.274346279372
78.8046280253 0.272055919166
92.3670855134 0.265503224764
108.263673387 0.262349275574
126.896100246 0.257000535763
148.735210564 0.252471188435
174.332881929 0.250323331833
204.335971331 0.24664270894
239.502661999 0.24138210026
280.721620238 0.237773540169
329.034455866 0.234345395018
385.662041473 0.230836296829
452.035364631 0.227764634907
529.831690628 0.224890105099
621.016941546 0.221553448763
727.895383589 0.218349759474
853.167850995 0.21576462281
999.999997777 0.212165439126
1172.10229742 0.209854298383
1373.82379499 0.206563465436
1610.26202562 0.204332924505
1887.39181881 0.201286789406
2212.21628594 0.198959285909
2592.94379712 0.196385133891
3039.19538029 0.194145322712
3562.24788591 0.19194294786
4175.31892913 0.190074436454
4893.90090705 0.188008267721
5736.15251104 0.186465220358
6723.35753346 0.185351133531
7880.46280772 0.184520387252
9236.70855743 0.184504147327
10826.3673158 0.185585269357
12689.6100328 0.188695299231
14873.521066 0.197036410606
17433.2882041 0.277837115726
20433.5971463 0.189948571881
23950.2661487 0.181570438446
28072.1620414 0.18178944529
32903.4456072 0.196553127579
38566.2041715 0.180210744745
45203.5364915 0.175301717492
52983.1689488 0.191179328249
62101.6941926 0.16775215903
72789.5384034 0.165189479439
85316.7851516 0.170005723209
99999.9998388 0.156702958616
117210.229499 0.151698611292
