10 0.0151759088367
11.7210229688 0.0143955600787
13.7382379436 0.0139197078159
16.1026202488 0.0133667145401
18.8739181794 0.0128792665662
22.1221629107 0.0122652731706
25.9294379596 0.0114660540401
30.3919537893 0.0110026185957
35.6224788432 0.010493185309
41.7531892728 0.0099969822702
48.9390091848 0.00962654744119
57.3615250726 0.00910485591094
67.2335752903 0.00873375508794
78.8046280253 0.00835315113553
92.3670855134 0.00795432360946
108.263673387 0.00761228338317
126.896100246 0.00725036438215
148.735210564 0.0069123795134
174.332881929 0.00661663058192
204.335971331 0.00631441244932
239.502661999 0.00600974777888
280.721620238 0.00574104644062
329.034455866 0.00547738376802
385.662041473 0.00522890710447
452.035364631 0.00499577052137
