10 0.054500942243
11.7210229688 0.0521202413204
13.7382379436 0.0509939118747
16.1026202488 0.0503360408219
18.8739181794 0.0492290200419
22.1221629107 0.0476445844486
25.9294379596 0.0447364990169
30.3919537893 0.0438678962987
35.6224788432 0.0422479665299
41.7531892728 0.040921248145
48.9390091848 0.0404702408718
57.3615250726 0.0386212705314
67.2335752903 0.0377536047928
78.8046280253 0.0368962683677
92.3670855134 0.0355899957486
108.263673387 0.0347003129311
126.896100246 0.0335533758812
148.735210564 0.0325246956181
174.332881929 0.0318093550503
204.335971331 0.0309140031063
239.502661999 0.0298592668532
280.721620238 0.0290417779826
329.034455866 0.0282232192619
385.662041473 0.0274332340238
452.035364631 0.0267116193213
529.831690628 0.0259953626514
621.016941546 0.0252654198945
727.895383589 0.0245640209594
853.167850995 0.0239354929436
999.999997777 0.0232313439183
1172.10229742 0.0226465194465
1373.82379499 0.0220004867149
1610.26202562 0.0214512307614
1887.39181881 0.0208543189931
2212.21628594 0.0203265260168
2592.94379712 0.019803087415
3039.19538029 0.0193185326541
3562.24788591 0.0188567407156
4175.31892913 0.0184400834782
4893.90090705 0.0180409824203
