10 0.0591337620944
11.7210229688 0.0565727602643
13.7382379436 0.0553704427757
16.1026202488 0.0547216630967
18.8739181794 0.0535465702078
22.1221629107 0.0518613114515
25.9294379596 0.0487122777661
30.3919537893 0.0478104086628
35.6224788432 0.0460626026178
41.7531892728 0.0446496185148
48.9390091848 0.0442058417821
57.3615250726 0.0422045605472
67.2335752903 0.0412882426688
78.8046280253 0.0403912096796
92.3670855134 0.0389822817871
108.263673387 0.0380414628441
126.896100246 0.0368094070989
148.735210564 0.0357082875876
174.332881929 0.0349573356734
204.335971331 0.0340024244217
239.502661999 0.0328649853434
280.721620238 0.0319911239184
329.034455866 0.0311170055609
385.662041473 0.0302715321301
452.035364631 0.0295012125956
529.831690628 0.0287374837759
621.016941546 0.027954710776
727.895383589 0.0272025227796
853.167850995 0.0265317688345
999.999997777 0.025772129653
1172.10229742 0.0251485192123
1373.82379499 0.0244516284501
1610.26202562 0.0238650171446
1887.39181881 0.0232208931862
2212.21628594 0.0226550265181
2592.94379712 0.022091180753
3039.19538029 0.0215705421982
3562.24788591 0.0210736913009
4175.31892913 0.0206265972689
4893.90090705 0.0201959002548
5736.15251104 0.0198446852569
6723.35753346 0.0195718447199
7880.46280772 0.019392294752
9236.70855743 0.0193696374031
10826.3673158 0.019591551663
12689.6100328 0.020265391075
14873.521066 0.022096985777
17433.2882041 0.0416633217601
20433.5971463 0.0214638952219
23950.2661487 0.0194717125226
28072.1620414 0.0193915036521
32903.4456072 0.0226443263142
38566.2041715 0.0207361964974
45203.5364915 0.0192076726332
52983.1689488 0.0281119324458
62101.6941926 0.0191756171578
72789.5384034 0.0217877743115
85316.7851516 0.0225554419695
99999.9998388 0.0201842026072
117210.229499 0.0199973106396
