10 0.00849031201619
11.7210229688 0.00800396309048
13.7382379436 0.00765349982293
16.1026202488 0.00723170045154
18.8739181794 0.00688447589196
22.1221629107 0.00649069077469
25.9294379596 0.00605052651948
30.3919537893 0.0057268298566
35.6224788432 0.00541709132052
41.7531892728 0.00510791878343
48.9390091848 0.00484755259559
57.3615250726 0.00455475740819
67.2335752903 0.00431412288988
78.8046280253 0.00407611466272
92.3670855134 0.00384533526588
108.263673387 0.00363334179084
126.896100246 0.00342722864041
148.735210564 0.00323422598512
174.332881929 0.00305741773985
204.335971331 0.00288640997645
239.502661999 0.00272137919614
280.721620238 0.00257097962633
329.034455866 0.00242661822885
385.662041473 0.00229150993386
452.035364631 0.00216472555018
