10 0.98491901984
11.7210229688 0.984134960051
13.7382379436 0.983587309999
16.1026202488 0.983804461771
18.8739181794 0.983346083423
22.1221629107 0.982930257434
25.9294379596 0.981817136322
30.3919537893 0.981675501906
35.6224788432 0.980870118192
41.7531892728 0.980424384819
48.9390091848 0.980492619101
57.3615250726 0.979586795596
67.2335752903 0.979221323723
78.8046280253 0.979055076119
92.3670855134 0.97832023074
108.263673387 0.977997765653
126.896100246 0.977403740712
148.735210564 0.976897571789
174.332881929 0.976666733386
204.335971331 0.97624812534
239.502661999 0.975606121257
280.721620238 0.975132243544
329.034455866 0.974715731011
385.662041473 0.974250246477
452.035364631 0.973826060142
529.831690628 0.973435756256
621.016941546 0.972965464517
727.895383589 0.972503168513
853.167850995 0.972128296052
999.999997777 0.971571397017
1172.10229742 0.971263766905
1373.82379499 0.970733753884
1610.26202562 0.970393081342
1887.39181881 0.969886559464
2212.21628594 0.9695101022
2592.94379712 0.969062546118
3039.19538029 0.96867833073
3562.24788591 0.968291600275
4175.31892913 0.967966967402
4893.90090705 0.967582893991
