10 0.0162548936959
11.7210229688 0.0154283287016
13.7382379436 0.0149337758788
16.1026202488 0.0143670024561
18.8739181794 0.0138596198634
22.1221629107 0.013213379063
25.9294379596 0.0123555866441
30.3919537893 0.0118740256177
35.6224788432 0.0113331670093
41.7531892728 0.0108093764251
48.9390091848 0.0104370774068
57.3615250726 0.00987786014203
67.2335752903 0.0094881050795
78.8046280253 0.00908726167699
92.3670855134 0.00866165504599
108.263673387 0.00829199704848
126.896100246 0.00790594125342
148.735210564 0.00754578408007
174.332881929 0.00723308769884
204.335971331 0.00691095606734
239.502661999 0.00658409754259
280.721620238 0.00629735453567
329.034455866 0.00601530853418
385.662041473 0.00574927877793
452.035364631 0.00549980731386
