10 0.00783162274302
11.7210229688 0.00737537027996
13.7382379436 0.00703903959428
16.1026202488 0.00663632576138
18.8739181794 0.00630547949711
22.1221629107 0.0059360297664
25.9294379596 0.00553056863068
30.3919537893 0.00522421673389
35.6224788432 0.00493495473396
41.7531892728 0.00464619143511
48.9390091848 0.00439966901134
57.3615250726 0.0041294283927
67.2335752903 0.00390386352723
78.8046280253 0.0036821546812
92.3670855134 0.00346855899544
108.263673387 0.0032717341664
126.896100246 0.00308161106776
148.735210564 0.00290365374909
174.332881929 0.00274001119645
204.335971331 0.00258266513453
239.502661999 0.00243150395946
280.721620238 0.00229335836488
329.034455866 0.00216117180796
385.662041473 0.00203757897564
452.035364631 0.00192166367726
