10 0.023765362791
11.7210229688 0.0226225283774
13.7382379436 0.0220016983673
16.1026202488 0.0213716112908
18.8739181794 0.0207352698592
22.1221629107 0.0198800575223
25.9294379596 0.0186136458782
30.3919537893 0.0180262853842
35.6224788432 0.0172693905177
41.7531892728 0.0165665369937
48.9390091848 0.0161413567782
57.3615250726 0.0153249480791
67.2335752903 0.0148211530639
78.8046280253 0.014299686725
92.3670855134 0.0136941719666
108.263673387 0.0131990964061
126.896100246 0.0126512295632
148.735210564 0.0121444454559
174.332881929 0.0117273058789
204.335971331 0.011275032517
239.502661999 0.0108073789616
280.721620238 0.010401643217
329.034455866 0.0099980995966
385.662041473 0.00961535399814
452.035364631 0.00925822210457
