10 0.00821637261043
11.7210229688 0.00774250316227
13.7382379436 0.00739785201835
16.1026202488 0.00698380342651
18.8739181794 0.00664330703226
22.1221629107 0.00625956528156
25.9294379596 0.00583385619339
30.3919537893 0.0055172678438
35.6224788432 0.0052160195424
41.7531892728 0.00491527920881
48.9390091848 0.00466056065344
57.3615250726 0.00437714782817
67.2335752903 0.00414272045508
78.8046280253 0.00391143311775
92.3670855134 0.00368778554989
108.263673387 0.00348206034588
126.896100246 0.00328258276523
148.735210564 0.0030958200364
174.332881929 0.00292445299758
204.335971331 0.00275911139163
239.502661999 0.00259984914879
280.721620238 0.00245453492665
329.034455866 0.00231523002138
385.662041473 0.00218490666888
452.035364631 0.00206263803664
