10 0.0735143679621
11.7210229688 0.0704033549643
13.7382379436 0.0689656929387
16.1026202488 0.0683542699656
18.8739181794 0.0669703278068
22.1221629107 0.0649812665653
25.9294379596 0.0610960603826
30.3919537893 0.0600975717032
35.6224788432 0.0579567964958
41.7531892728 0.056283221278
48.9390091848 0.0558688142946
57.3615250726 0.0534003196637
67.2335752903 0.0523376953809
78.8046280253 0.0513256983639
92.3670855134 0.0496018257392
108.263673387 0.0485088273805
126.896100246 0.0470174570685
148.735210564 0.0456968321673
174.332881929 0.044842362601
204.335971331 0.0437084049122
239.502661999 0.0423180602662
280.721620238 0.041273931477
329.034455866 0.0402327509219
385.662041473 0.0392197146862
452.035364631 0.0383031939757
529.831690628 0.0373974975784
621.016941546 0.0364549161359
727.895383589 0.0355491538699
853.167850995 0.0347522427893
999.999997777 0.0338230152973
1172.10229742 0.0330837508947
1373.82379499 0.0322314171167
1610.26202562 0.0315329915543
1887.39181881 0.0307441936883
2212.21628594 0.0300629526724
2592.94379712 0.0293756611838
3039.19538029 0.0287448151286
3562.24788591 0.0281400767444
4175.31892913 0.0275989512369
4893.90090705 0.0270688742243
