22.1221629107 0.0116854911816
25.9294379596 0.0109221379959
30.3919537893 0.0104702774181
35.6224788432 0.00998019534798
41.7531892728 0.00950118755663
48.9390091848 0.00914744416402
57.3615250726 0.00864797060449
67.2335752903 0.00828805145292
78.8046280253 0.00791963326014
92.3670855134 0.00753670954091
108.263673387 0.00719942325267
126.896100246 0.00685242438566
148.735210564 0.00652817978783
174.332881929 0.00624308759584
204.335971331 0.00595323115009
239.502661999 0.00566221958058
280.721620238 0.00540471642244
329.034455866 0.00515243103203
385.662041473 0.00491481467574
452.035364631 0.00469180682433
529.831690628 0.00447512410724
621.016941546 0.00426817927478
727.895383589 0.004071462137
853.167850995 0.00388713301378
999.999997777 0.00370658074047
1172.10229742 0.00353916106105
1373.82379499 0.00337680501198
1610.26202562 0.00322588289727
1887.39181881 0.00308023545893
2212.21628594 0.0029445920158
2592.94379712 0.00281686228635
3039.19538029 0.00269791792952
3562.24788591 0.00258778983525
4175.31892913 0.0024878751342
4893.90090705 0.00239846262729
5736.15251104 0.00232304205103
6723.35753346 0.00226409039403
7880.46280772 0.00222699057632
9236.70855743 0.00222135792071
10826.3673158 0.00226637139952
12689.6100328 0.00240763723364
14873.521066 0.00280709355969
17433.2882041 0.00830064332634
20433.5971463 0.00272280677817
23950.2661487 0.00227672551326
28072.1620414 0.00225432290446
32903.4456072 0.00298829703625
38566.2041715 0.00258787335439
45203.5364915 0.00224184459092
52983.1689488 0.00458764431906
62101.6941926 0.0022266026881
72789.5384034 0.00275970031695
85316.7851516 0.00295512578234
99999.9998388 0.00238768511746
117210.229499 0.0023594003006
