10 0.00974656035131
11.7210229688 0.00920357392096
13.7382379436 0.00882748668989
16.1026202488 0.00837312036884
18.8739181794 0.00799639362054
22.1221629107 0.00755780464466
25.9294379596 0.00705098785001
30.3919537893 0.0066963985205
35.6224788432 0.00634816831762
41.7531892728 0.00600123861431
48.9390091848 0.00571677997875
57.3615250726 0.00538093276577
67.2335752903 0.00511285938378
78.8046280253 0.00484497662428
92.3670855134 0.00458177393206
108.263673387 0.00434171686268
126.896100246 0.00410543345181
148.735210564 0.00388411539005
174.332881929 0.00368294409806
204.335971331 0.00348622291918
239.502661999 0.00329474744701
280.721620238 0.0031212522422
329.034455866 0.00295382228393
385.662041473 0.00279687012585
452.035364631 0.00264949512876
529.831690628 0.00250828954691
621.016941546 0.00237485667705
727.895383589 0.00224882394259
853.167850995 0.00213063791747
999.999997777 0.0020174338406
1172.10229742 0.00191170118398
1373.82379499 0.00181115542384
1610.26202562 0.0017172768101
1887.39181881 0.00162833849653
2212.21628594 0.00154547769979
2592.94379712 0.00146819214333
3039.19538029 0.00139660044345
3562.24788591 0.0013308509744
4175.31892913 0.0012714759268
4893.90090705 0.00121891399344
28072.1620414 0.00113487689502
32903.4456072 0.00157293248768
38566.2041715 0.0013305907156
45203.5364915 0.00112714506779
52983.1689488 0.00258680374521
62101.6941926 0.0011183843739
72789.5384034 0.00143431443688
85316.7851516 0.00155234707459
99999.9998388 0.00121235315713
117210.229499 0.0011963084385
