10 0.0106762164286
11.7210229688 0.0100919398386
13.7382379436 0.00969792171808
16.1026202488 0.00922251941339
18.8739181794 0.00882531771131
22.1221629107 0.00835487712754
25.9294379596 0.00779839050114
30.3919537893 0.00742270684557
35.6224788432 0.00704641942432
41.7531892728 0.00667250659075
48.9390091848 0.00637828806579
57.3615250726 0.00601020444739
67.2335752903 0.00572260728316
78.8046280253 0.00543336978623
92.3670855134 0.00514617801745
108.263673387 0.00488583954495
126.896100246 0.00462726397595
148.735210564 0.00438509318684
174.332881929 0.00416633244032
204.335971331 0.00395068754901
239.502661999 0.00373946307973
280.721620238 0.00354894248901
329.034455866 0.00336442188119
385.662041473 0.00319126298938
452.035364631 0.00302863739916
