10 0.437952574154
11.7210229688 0.426211671016
13.7382379436 0.420003525562
16.1026202488 0.421295143543
18.8739181794 0.415923323436
22.1221629107 0.409505474957
25.9294379596 0.393814949843
30.3919537893 0.39158558187
35.6224788432 0.382260198927
41.7531892728 0.376397899859
48.9390091848 0.376955949211
57.3615250726 0.366203112908
67.2335752903 0.362461441403
78.8046280253 0.359975184601
92.3670855134 0.352300427488
108.263673387 0.348701462585
126.896100246 0.342465994854
148.735210564 0.337195701711
174.332881929 0.33475979342
204.335971331 0.330484359601
1172.10229742 0.286861689586
1373.82379499 0.282864693336
1610.26202562 0.280197852111
1887.39181881 0.276480720902
2212.21628594 0.273662998615
2592.94379712 0.270510698374
3039.19538029 0.267770564014
3562.24788591 0.265058330672
4175.31892913 0.262752154544
4893.90090705 0.260161821674
5736.15251104 0.258214339672
6723.35753346 0.25677332435
7880.46280772 0.255644319229
9236.70855743 0.255474140698
10826.3673158 0.256590595463
12689.6100328 0.260078124617
14873.521066 0.269688035416
17433.2882041 0.360710661483
20433.5971463 0.256119788279
23950.2661487 0.245602824219
28072.1620414 0.244701957282
32903.4456072 0.259245893461
38566.2041715 0.234066495734
45203.5364915 0.226786942141
52983.1689488 0.232227887386
62101.6941926 0.208440054394
72789.5384034 0.19802298705
85316.7851516 0.198341989904
99999.9998388 0.181476424778
117210.229499 0.172951600047
