10 0.0170382929439
11.7210229688 0.0161783191624
13.7382379436 0.0156703048176
16.1026202488 0.0150944651308
18.8739181794 0.0145728890282
22.1221629107 0.01390366959
25.9294379596 0.0130033107565
30.3919537893 0.0125091659981
35.6224788432 0.0119455608356
41.7531892728 0.0114021021214
48.9390091848 0.0110223913083
57.3615250726 0.0104362981098
67.2335752903 0.0100336172048
78.8046280253 0.0096188318075
92.3670855134 0.00917415393441
108.263673387 0.00879040234868
126.896100246 0.00838698806718
148.735210564 0.00801094146592
174.332881929 0.00768630327404
204.335971331 0.00734994269086
239.502661999 0.00700705889245
280.721620238 0.00670739464415
329.034455866 0.00641219081311
385.662041473 0.00613356962931
452.035364631 0.00587239972601
529.831690628 0.00561732879259
621.016941546 0.00537243354569
727.895383589 0.00513912415519
853.167850995 0.00492090141879
999.999997777 0.00470472199722
1172.10229742 0.00450544651117
1373.82379499 0.00431022494751
1610.26202562 0.00412953120994
1887.39181881 0.00395349941515
2212.21628594 0.00378986391989
2592.94379712 0.00363508461263
3039.19538029 0.00349075027778
3562.24788591 0.00335666725401
4175.31892913 0.00323487439604
4893.90090705 0.00312529880213
5736.15251104 0.00303294899103
6723.35753346 0.00296068420255
7880.46280772 0.00291510112794
9236.70855743 0.00290825152536
10826.3673158 0.0029637199814
12689.6100328 0.00313716107517
14873.521066 0.00362460329202
17433.2882041 0.0100747992804
20433.5971463 0.00352268363177
23950.2661487 0.00297714750694
28072.1620414 0.00294962670047
32903.4456072 0.00384434174227
38566.2041715 0.00335715177541
45203.5364915 0.00293284263915
52983.1689488 0.00574960053227
62101.6941926 0.00291537598299
72789.5384034 0.00356578178295
85316.7851516 0.00380318464547
99999.9998388 0.00311197673723
117210.229499 0.00307911135851
