10 0.031983310633
11.7210229688 0.0305017303459
13.7382379436 0.0297450651416
16.1026202488 0.0290837637703
18.8739181794 0.0283161549492
48.9390091848 0.0225369796055
57.3615250726 0.0214410186714
67.2335752903 0.0208290168584
78.8046280253 0.0201997881761
92.3670855134 0.0194026309334
108.263673387 0.0187884327528
126.896100246 0.0180726734979
148.735210564 0.0174168749779
174.332881929 0.0169048824819
204.335971331 0.0163231590563
239.502661999 0.0156851761327
280.721620238 0.0151607142926
329.034455866 0.0146362444886
385.662041473 0.014136153505
452.035364631 0.013672410623
529.831690628 0.0132127997737
621.016941546 0.0127592436858
727.895383589 0.0123243812446
853.167850995 0.0119243967556
999.999997777 0.0115043795765
1172.10229742 0.0111334098105
1373.82379499 0.0107495382138
1610.26202562 0.0104060266691
1887.39181881 0.0100541563297
2212.21628594 0.00973311802147
2592.94379712 0.00942273135678
3039.19538029 0.00913314857575
3562.24788591 0.00886040938709
4175.31892913 0.00861257925718
4893.90090705 0.00838319488855
5736.15251104 0.00819180372546
6723.35753346 0.00804163421575
7880.46280772 0.00794525502709
9236.70855743 0.00793066150115
10826.3673158 0.00804688578783
12689.6100328 0.00840698397627
14873.521066 0.00939952490107
17433.2882041 0.020849720682
20433.5971463 0.00914203673935
23950.2661487 0.00803564618396
28072.1620414 0.00797925669508
32903.4456072 0.00976867624606
38566.2041715 0.00881635083977
45203.5364915 0.00795000404085
52983.1689488 0.0134316343786
62101.6941926 0.00794993280456
72789.5384034 0.00927020637322
85316.7851516 0.00975020432919
99999.9998388 0.00831110637732
117210.229499 0.00825944274276
