10 0.0207756479943
11.7210229688 0.019757801308
13.7382379436 0.019186797604
16.1026202488 0.0185765341642
18.8739181794 0.0179900443353
22.1221629107 0.0172153832808
25.9294379596 0.0161116282165
30.3919537893 0.015562965914
35.6224788432 0.0148916552624
41.7531892728 0.0142578339463
48.9390091848 0.0138494557959
57.3615250726 0.0131352716959
67.2335752903 0.0126745877983
78.8046280253 0.0121979636669
92.3670855134 0.0116633805605
108.263673387 0.0112158692384
126.896100246 0.0107312635361
148.735210564 0.0102814128161
174.332881929 0.00990336484547
204.335971331 0.00950129627025
239.502661999 0.00909156320485
280.721620238 0.0087317594619
329.034455866 0.00837513565884
385.662041473 0.00803760306619
452.035364631 0.00772197663547
