10 0.0672150903519
11.7210229688 0.0643431696317
13.7382379436 0.0630085512641
16.1026202488 0.0623789467582
18.8739181794 0.061086094483
22.1221629107 0.059228332086
25.9294379596 0.0556632732106
30.3919537893 0.0547057901667
35.6224788432 0.0527364574492
41.7531892728 0.051175571319
48.9390091848 0.0507469288484
57.3615250726 0.0484819259136
67.2335752903 0.0474825522391
78.8046280253 0.0465191134404
92.3670855134 0.0449325069916
108.263673387 0.0439047804074
126.896100246 0.0425259004409
148.735210564 0.0413001723858
174.332881929 0.0404895000766
204.335971331 0.0394325296462
239.502661999 0.0381518572732
280.721620238 0.0371812445487
329.034455866 0.0362116536106
385.662041473 0.0352707207605
452.035364631 0.034416971517
529.831690628 0.033571608898
621.016941546 0.0326975987687
727.895383589 0.0318576290308
853.167850995 0.0311143115407
999.999997777 0.0302580811136
1172.10229742 0.0295674249275
1373.82379499 0.0287817344601
1610.26202562 0.0281301521551
1887.39181881 0.0274030022223
2212.21628594 0.0267700332861
2592.94379712 0.0261349669222
3039.19538029 0.0255500760116
3562.24788591 0.0249901318061
4175.31892913 0.0244872718886
4893.90090705 0.0239979409866
5736.15251104 0.0236005903763
6723.35753346 0.0232913581557
7880.46280772 0.0230849472861
9236.70855743 0.0230548490548
10826.3673158 0.0232985637294
12689.6100328 0.0240467120199
14873.521066 0.0260846111251
17433.2882041 0.0474850508052
20433.5971463 0.0251274578673
23950.2661487 0.0229224721243
28072.1620414 0.0228095497496
32903.4456072 0.0262969089236
38566.2041715 0.0240572064532
45203.5364915 0.0224096387749
52983.1689488 0.0317594348249
62101.6941926 0.0224482385224
72789.5384034 0.0255547842473
85316.7851516 0.0265000042977
99999.9998388 0.0240184859466
117210.229499 0.0236373594694
