10 0.922773937128
11.7210229688 0.919051815875
13.7382379436 0.916531247393
16.1026202488 0.917492609574
18.8739181794 0.915378931367
22.1221629107 0.913403180265
25.9294379596 0.908162699837
30.3919537893 0.907490879833
35.6224788432 0.903793121402
41.7531892728 0.9017173491
48.9390091848 0.902027608572
57.3615250726 0.897857989647
67.2335752903 0.896213615888
78.8046280253 0.895427870577
92.3670855134 0.892106069507
108.263673387 0.890641201846
126.896100246 0.887957204206
148.735210564 0.885674256143
174.332881929 0.884637574049
204.335971331 0.882756552367
239.502661999 0.87988762873
280.721620238 0.877796477296
329.034455866 0.875940170484
385.662041473 0.87388866414
452.035364631 0.87203211808
529.831690628 0.870416070358
621.016941546 0.86836089747
727.895383589 0.866347239709
853.167850995 0.864719912259
999.999997777 0.862311968844
1172.10229742 0.86085704884
1373.82379499 0.858575367175
1610.26202562 0.857103168079
1887.39181881 0.854929219029
2212.21628594 0.853308714161
2592.94379712 0.851399483115
3039.19538029 0.849754202135
3562.24788591 0.848098511815
4175.31892913 0.846700160412
4893.90090705 0.845054998994
5736.15251104 0.843811926038
6723.35753346 0.84291102116
7880.46280772 0.842150043755
9236.70855743 0.8420357774
10826.3673158 0.842719412262
12689.6100328 0.844880276757
14873.521066 0.85072908612
17433.2882041 0.89566497763
20433.5971463 0.845952198824
23950.2661487 0.838359761207
28072.1620414 0.837502905218
32903.4456072 0.847494005992
38566.2041715 0.834744213577
45203.5364915 0.827774312858
52983.1689488 0.841559030683
62101.6941926 0.814424272107
72789.5384034 0.806680912304
85316.7851516 0.804554725591
99999.9998388 0.77971465985
117210.229499 0.758947884711
