10 0.0089296020896
11.7210229688 0.00842334337298
13.7382379436 0.00806374359358
16.1026202488 0.00763000927621
18.8739181794 0.00727223012241
22.1221629107 0.00686254743837
25.9294379596 0.00639914027312
30.3919537893 0.00606432799652
35.6224788432 0.00574105449693
41.7531892728 0.0054185097677
48.9390091848 0.00514938443125
57.3615250726 0.00484154002776
67.2335752903 0.00459112433932
78.8046280253 0.0043424887937
92.3670855134 0.00410032254612
108.263673387 0.00387838704068
126.896100246 0.00366167469406
148.735210564 0.00345871259794
174.332881929 0.00327327218737
204.335971331 0.00309321905226
239.502661999 0.00291893729978
280.721620238 0.00276041921234
329.034455866 0.00260796436603
385.662041473 0.0024651970491
452.035364631 0.00233118909289
