10 0.0135994872367
11.7210229688 0.0128871305509
13.7382379436 0.0124390768766
16.1026202488 0.0119091233683
18.8739181794 0.011451779313
22.1221629107 0.0108862310353
25.9294379596 0.0101723969572
30.3919537893 0.00973722116304
35.6224788432 0.00927398709964
41.7531892728 0.00881916938715
48.9390091848 0.00847645160351
57.3615250726 0.00800838377021
67.2335752903 0.00766483395812
78.8046280253 0.0073143071305
92.3670855134 0.00695400605783
108.263673387 0.00663435409301
126.896100246 0.00630816113134
148.735210564 0.00600313560927
174.332881929 0.00573316910251
204.335971331 0.00546064256802
239.502661999 0.00518859111621
280.721620238 0.00494675518867
329.034455866 0.00471038808761
385.662041473 0.00448793790938
452.035364631 0.00427909352194
529.831690628 0.00407663030109
621.016941546 0.00388363700951
727.895383589 0.0037003587759
853.167850995 0.00352854230556
999.999997777 0.00336094607309
1172.10229742 0.00320525917326
1373.82379499 0.00305483320304
1610.26202562 0.00291482763329
1887.39181881 0.00278017914975
2212.21628594 0.00265472880496
2592.94379712 0.00253679003987
3039.19538029 0.00242704612804
3562.24788591 0.00232557429858
4175.31892913 0.002233574749
4893.90090705 0.00215140672767
5736.15251104 0.00208208994882
6723.35753346 0.00202795541765
7880.46280772 0.0019939212175
9236.70855743 0.00198878407469
10826.3673158 0.0020301361619
12689.6100328 0.00216000962867
14873.521066 0.0025281961417
17433.2882041 0.00769142071164
20433.5971463 0.00245126452424
23950.2661487 0.0020403348028
28072.1620414 0.00201971232976
32903.4456072 0.00269652669444
38566.2041715 0.00232540881519
45203.5364915 0.00200728112843
52983.1689488 0.00418521480591
62101.6941926 0.00199399942758
72789.5384034 0.00248501024837
85316.7851516 0.00266502964134
99999.9998388 0.00214135513487
117210.229499 0.00211632316947
