10 0.519107520156
11.7210229688 0.507009781367
13.7382379436 0.500335102109
16.1026202488 0.501998826511
18.8739181794 0.496270798454
22.1221629107 0.489718581415
25.9294379596 0.473434379849
30.3919537893 0.471188149404
35.6224788432 0.461254504112
41.7531892728 0.455142313496
48.9390091848 0.45582162717
57.3615250726 0.444416211132
67.2335752903 0.440398193091
78.8046280253 0.437872885659
92.3670855134 0.429610443921
108.263673387 0.425801721833
126.896100246 0.419110180453
148.735210564 0.413459130659
174.332881929 0.410884766557
204.335971331 0.406303130928
239.502661999 0.399575027665
280.721620238 0.39493054949
329.034455866 0.390608972912
385.662041473 0.386089832784
452.035364631 0.382119296166
529.831690628 0.37848727308
621.016941546 0.374141140642
727.895383589 0.369953422514
853.167850995 0.366606844518
999.999997777 0.361803612544
1172.10229742 0.358833024146
1373.82379499 0.354416282668
1610.26202562 0.351520984328
1887.39181881 0.347416431009
2212.21628594 0.34434521553
2592.94379712 0.340867916282
3039.19538029 0.337874455518
3562.24788591 0.334913529015
4175.31892913 0.332429233917
4893.90090705 0.32960802754
