10 0.0111020450763
11.7210229688 0.0104988419002
13.7382379436 0.0100965445814
16.1026202488 0.00961190147362
18.8739181794 0.00920538534064
22.1221629107 0.00872052395771
25.9294379596 0.00814124190031
30.3919537893 0.0077561291048
35.6224788432 0.00736700505009
41.7531892728 0.00698088034159
48.9390091848 0.00667348031298
57.3615250726 0.00629113780617
67.2335752903 0.00599515731376
78.8046280253 0.0056967433072
92.3670855134 0.00539900991835
108.263673387 0.00512989388792
126.896100246 0.00486153883556
148.735210564 0.00461024108559
174.332881929 0.00438387780156
204.335971331 0.0041599576005
239.502661999 0.00394001849122
280.721620238 0.00374204238204
329.034455866 0.00355002202781
385.662041473 0.00336974245258
452.035364631 0.003200423279
529.831690628 0.00303744015342
621.016941546 0.00288293691185
727.895383589 0.00273668045132
853.167850995 0.00259949151715
999.999997777 0.00246722687355
1172.10229742 0.00234386215924
1373.82379499 0.00222588193985
1610.26202562 0.00211579369233
1887.39181881 0.00201093517183
2212.21628594 0.0019132006858
2592.94379712 0.00182176999841
3039.19538029 0.0017369128776
3562.24788591 0.00165877589219
4175.31892913 0.00158809424136
4893.90090705 0.00152531946251
5736.15251104 0.00147237223566
6723.35753346 0.00143111212644
7880.46280772 0.00140523438857
9236.70855743 0.00140132445576
10826.3673158 0.00143273343425
12689.6100328 0.00153175672452
14873.521066 0.00181482962435
17433.2882041 0.00601337304448
20433.5971463 0.00175541935357
23950.2661487 0.00144050119738
28072.1620414 0.00142482197838
32903.4456072 0.00194565749253
38566.2041715 0.00165848470114
45203.5364915 0.00141548121162
52983.1689488 0.00312755965449
62101.6941926 0.00140514932289
72789.5384034 0.00178166873448
85316.7851516 0.0019213033052
99999.9998388 0.0015175806179
117210.229499 0.00149828224397
