10 0.02914336311
11.7210229688 0.0277780788559
13.7382379436 0.0270681504124
16.1026202488 0.0264144191009
18.8739181794 0.0256913462317
22.1221629107 0.0246974778069
25.9294379596 0.0231393070974
30.3919537893 0.022490155425
35.6224788432 0.0215801971069
41.7531892728 0.0207586058032
48.9390091848 0.0203131044489
57.3615250726 0.0193135094407
67.2335752903 0.0187374513714
78.8046280253 0.0181432884702
92.3670855134 0.0174118675515
108.263673387 0.0168371929063
126.896100246 0.0161785974303
148.735210564 0.0155732341388
174.332881929 0.0150922311046
204.335971331 0.0145540297802
239.502661999 0.0139707440235
280.721620238 0.0134864301118
329.034455866 0.0130028217179
385.662041473 0.0125424875742
452.035364631 0.012114687232
