10 0.0251619653454
11.7210229688 0.0239609948702
13.7382379436 0.0233168058963
16.1026202488 0.0226789296413
18.8739181794 0.0220195663283
22.1221629107 0.0211275071165
25.9294379596 0.01978525809
30.3919537893 0.0191807906261
35.6224788432 0.0183839890954
41.7531892728 0.0176495924882
48.9390091848 0.0172178291346
57.3615250726 0.016353772281
67.2335752903 0.0158305005189
78.8046280253 0.0152891593411
92.3670855134 0.0146507239764
108.263673387 0.0141342296865
126.896100246 0.0135572362621
148.735210564 0.0130243910312
174.332881929 0.0125898686076
204.335971331 0.0121147603909
239.502661999 0.011609108286
280.721620238 0.0111828133225
329.034455866 0.0107583214227
385.662041473 0.0103553134929
452.035364631 0.0099796556991
