10 0.0130364845177
11.7210229688 0.012348564564
13.7382379436 0.0119106146056
16.1026202488 0.0113898338663
18.8739181794 0.0109435746148
22.1221629107 0.0103957548012
25.9294379596 0.00971234180399
30.3919537893 0.00928783131674
35.6224788432 0.00884119682318
41.7531892728 0.00840150086446
48.9390091848 0.00806603189374
57.3615250726 0.00761729185676
67.2335752903 0.00728407849702
78.8046280253 0.00694485105712
92.3670855134 0.006598550824
108.263673387 0.00628385497162
126.896100246 0.00597085916557
148.735210564 0.00567805379203
174.332881929 0.00541785335989
204.335971331 0.00515635740498
239.502661999 0.00489625365645
280.721620238 0.00466438537169
329.034455866 0.00443810781265
385.662041473 0.00422526612037
452.035364631 0.00402541235034
