10 0.0192565181967
11.7210229688 0.0183025203192
13.7382379436 0.0177568374444
16.1026202488 0.017158807156
18.8739181794 0.0165981290946
22.1221629107 0.0158654921859
25.9294379596 0.0148444701512
30.3919537893 0.0143168685856
35.6224788432 0.0136891726005
41.7531892728 0.013091391493
48.9390091848 0.0126933393961
57.3615250726 0.0120311936546
67.2335752903 0.0115933638896
78.8046280253 0.0111409462038
92.3670855134 0.0106426972561
108.263673387 0.0102204132183
126.896100246 0.00976848892617
148.735210564 0.00934824045469
174.332881929 0.00899119415796
204.335971331 0.00861540028669
239.502661999 0.00822744403893
280.721620238 0.00789192302035
329.034455866 0.007560125366
385.662041473 0.00724643380231
452.035364631 0.00695279126189
