10 0.109401771345
11.7210229688 0.104981975728
13.7382379436 0.10296221471
16.1026202488 0.102482474442
18.8739181794 0.100590390802
22.1221629107 0.0978939191311
25.9294379596 0.0922526389668
30.3919537893 0.0910423643551
35.6224788432 0.0879484661428
41.7531892728 0.0856628483929
48.9390091848 0.0853462491504
57.3615250726 0.0817506705256
67.2335752903 0.0803433374971
78.8046280253 0.0790816827761
92.3670855134 0.0765945512321
108.263673387 0.0751518534101
126.896100246 0.0730402287317
148.735210564 0.0711994939981
174.332881929 0.0701172284727
204.335971331 0.0685652277843
239.502661999 0.0665664026257
280.721620238 0.0651196560735
329.034455866 0.0636891943375
385.662041473 0.062281405811
452.035364631 0.0610235853321
529.831690628 0.0597918466849
621.016941546 0.0584726963052
727.895383589 0.0572056353504
853.167850995 0.0561189545794
999.999997777 0.0547829647523
1172.10229742 0.0537814082295
1373.82379499 0.052557187893
1610.26202562 0.0516043156426
1887.39181881 0.0504696959499
2212.21628594 0.0495211558265
2592.94379712 0.0485414237759
3039.19538029 0.0476526295331
3562.24788591 0.0467932363915
4175.31892913 0.0460322110284
4893.90090705 0.0452617191406
5736.15251104 0.0446507092143
6723.35753346 0.0441808739787
7880.46280772 0.043855362372
9236.70855743 0.0438094928669
10826.3673158 0.0441837576414
28072.1620414 0.042745023879
32903.4456072 0.0478451478245
38566.2041715 0.0434547893759
45203.5364915 0.0411394107487
52983.1689488 0.0515360177872
62101.6941926 0.0403723599064
72789.5384034 0.0441619827231
85316.7851516 0.0453226555438
99999.9998388 0.0435171192553
117210.229499 0.0448364592939
