10 0.666007095386
11.7210229688 0.654917219236
13.7382379436 0.648317949774
16.1026202488 0.650342729443
18.8739181794 0.64474194117
22.1221629107 0.638575625253
25.9294379596 0.623425892582
30.3919537893 0.621407603095
35.6224788432 0.611695747137
41.7531892728 0.605921275359
48.9390091848 0.60666987437
57.3615250726 0.59559579619
67.2335752903 0.591563218603
78.8046280253 0.589256458087
92.3670855134 0.58098680836
108.263673387 0.577250682041
126.896100246 0.570568066647
148.735210564 0.564916489141
174.332881929 0.562365428758
204.335971331 0.557765442744
239.502661999 0.550907959332
280.721620238 0.546105190981
329.034455866 0.541701961922
385.662041473 0.537015756569
452.035364631 0.532866046184
529.831690628 0.529370566467
621.016941546 0.52480378776
727.895383589 0.520380490327
853.167850995 0.516840760061
999.999997777 0.511692274391
1172.10229742 0.508294150359
1373.82379499 0.503513225443
1610.26202562 0.500400182739
1887.39181881 0.495915564269
2212.21628594 0.492562645356
2592.94379712 0.488718746467
3039.19538029 0.485399329369
3562.24788591 0.482088206518
4175.31892913 0.479288336847
4893.90090705 0.476064270658
