10 0.232334061084
11.7210229688 0.224149044898
13.7382379436 0.220254230282
16.1026202488 0.220399722245
18.8739181794 0.216915203498
22.1221629107 0.212089392512
25.9294379596 0.20136873364
30.3919537893 0.199607537883
35.6224788432 0.19360081052
41.7531892728 0.189548968395
48.9390091848 0.189762905936
57.3615250726 0.182768254023
67.2335752903 0.180311086735
78.8046280253 0.178403538081
92.3670855134 0.173555170215
108.263673387 0.171100465124
126.896100246 0.167101852736
148.735210564 0.163693715171
174.332881929 0.161981854427
204.335971331 0.159189358951
239.502661999 0.155312339155
280.721620238 0.152631148486
329.034455866 0.150044935544
385.662041473 0.147436539252
452.035364631 0.14514621028
529.831690628 0.142845616576
621.016941546 0.140381987424
727.895383589 0.138018577647
853.167850995 0.136080463787
999.999997777 0.133475750933
1172.10229742 0.131839032269
1373.82379499 0.129458321565
1610.26202562 0.127778349823
1887.39181881 0.125576093443
2212.21628594 0.123849138079
2592.94379712 0.121980490947
3039.19538029 0.120334082196
3562.24788591 0.118723862937
4175.31892913 0.117339965081
4893.90090705 0.115851304664
