10 0.0449814786488
11.7210229688 0.0429761881838
13.7382379436 0.0420060343145
16.1026202488 0.0413367913626
18.8739181794 0.0403711356607
48.9390091848 0.0328376001135
57.3615250726 0.0313045083064
67.2335752903 0.0305402299471
78.8046280253 0.0297711008142
92.3670855134 0.0286778220576
108.263673387 0.0278983047375
126.896100246 0.0269297758336
148.735210564 0.0260540775675
174.332881929 0.0254176465335
204.335971331 0.0246494832279
239.502661999 0.0237678662947
280.721620238 0.0230699176617
329.034455866 0.0223704964465
385.662041473 0.0216986562246
452.035364631 0.0210813509653
529.831690628 0.0204681692093
621.016941546 0.0198509889801
727.895383589 0.019258222044
853.167850995 0.0187214345492
999.999997777 0.0181346520173
1172.10229742 0.0176351970293
1373.82379499 0.0170972546159
1610.26202562 0.0166303548799
1887.39181881 0.0161344156837
2212.21628594 0.0156902406106
2592.94379712 0.0152540638489
3039.19538029 0.0148487866687
3562.24788591 0.0144641767676
4175.31892913 0.0141159863271
4893.90090705 0.0137869059585
5736.15251104 0.0135152249134
6723.35753346 0.0133025037236
7880.46280772 0.0131638934612
9236.70855743 0.0131431749211
10826.3673158 0.0133091261019
12689.6100328 0.0138208326383
14873.521066 0.0152212745341
17433.2882041 0.0305604986521
20433.5971463 0.0147598149736
23950.2661487 0.0132152817122
28072.1620414 0.0131364920098
32903.4456072 0.015611680802
38566.2041715 0.0142392675966
45203.5364915 0.0130440260485
52983.1689488 0.0204188607024
62101.6941926 0.0131001733478
72789.5384034 0.0150907363978
85316.7851516 0.0157702737817
99999.9998388 0.0136884414887
117210.229499 0.0134720638831
