10 0.0219230043477
11.7210229688 0.0208569520708
13.7382379436 0.0202665665015
16.1026202488 0.0196475985649
18.8739181794 0.019041569529
22.1221629107 0.0182354742721
25.9294379596 0.017069335891
30.3919537893 0.0165051376828
35.6224788432 0.0158008590947
41.7531892728 0.0151401255144
48.9390091848 0.0147244892866
57.3615250726 0.0139710597791
67.2335752903 0.0134933826749
78.8046280253 0.0129990000102
92.3670855134 0.0124370645861
108.263673387 0.0119708895275
126.896100246 0.0114618206151
148.735210564 0.0109898923181
174.332881929 0.0105964233371
204.335971331 0.0101748402314
239.502661999 0.00973333986721
280.721620238 0.00935605105338
329.034455866 0.00898159170406
385.662041473 0.00862687959249
452.035364631 0.00829544882391
529.831690628 0.0079694320529
621.016941546 0.00765339667424
727.895383589 0.00735140093909
853.167850995 0.00707028697674
999.999997777 0.00678599613366
1172.10229742 0.00652737331535
1373.82379499 0.00626916664497
1610.26202562 0.00603258071384
1887.39181881 0.00579803846133
2212.21628594 0.00558114060074
2592.94379712 0.00537436761021
3039.19538029 0.00518130912001
3562.24788591 0.00500099638738
4175.31892913 0.00483704187944
4893.90090705 0.00468808105038
5736.15251104 0.0045583624699
6723.35753346 0.00446034992187
7880.46280772 0.00439822598957
9236.70855743 0.00438899413722
10826.3673158 0.00446475299951
12689.6100328 0.00470506320029
14873.521066 0.00536210723394
17433.2882041 0.0135604535761
20433.5971463 0.00522215197534
23950.2661487 0.00448587816973
28072.1620414 0.00444882690303
32903.4456072 0.00565155890489
38566.2041715 0.00500249092099
45203.5364915 0.00442624994684
52983.1689488 0.00813916980973
62101.6941926 0.00440327478073
72789.5384034 0.00527701974238
85316.7851516 0.00559952565024
99999.9998388 0.0046696373344
117210.229499 0.00462577066893
