10 0.145799809263
11.7210229688 0.140147128769
13.7382379436 0.137549074591
16.1026202488 0.137234978217
18.8739181794 0.134845723081
22.1221629107 0.131495839855
25.9294379596 0.12419584607
30.3919537893 0.122798440121
35.6224788432 0.118781620963
41.7531892728 0.115921522078
48.9390091848 0.115717265093
57.3615250726 0.111038107072
67.2335752903 0.109300911522
78.8046280253 0.107820387189
92.3670855134 0.104591808958
108.263673387 0.102823584713
126.896100246 0.100115868788
148.735210564 0.0977787107035
174.332881929 0.0964914299225
204.335971331 0.0945448775841
239.502661999 0.0919574142075
280.721620238 0.0901245392315
329.034455866 0.0883271742894
385.662041473 0.0865426094023
452.035364631 0.0849607919079
529.831690628 0.083350949035
621.016941546 0.0816738627213
727.895383589 0.080063876334
853.167850995 0.0787079610941
999.999997777 0.0769793006237
1172.10229742 0.0757381536779
1373.82379499 0.074156035818
1610.26202562 0.0729705092532
1887.39181881 0.0715042961924
2212.21628594 0.0703080710564
2592.94379712 0.0690506099982
3039.19538029 0.0679212202103
3562.24788591 0.0668232926663
4175.31892913 0.0658601902417
4893.90090705 0.0648615215711
