10 0.29113462627
11.7210229688 0.281565295324
13.7382379436 0.276877976151
16.1026202488 0.277357539772
18.8739181794 0.273215361546
22.1221629107 0.267850610811
25.9294379596 0.255229162769
30.3919537893 0.253274387487
35.6224788432 0.246092342215
41.7531892728 0.241364605797
48.9390091848 0.241593166215
57.3615250726 0.233252851959
67.2335752903 0.230359365487
78.8046280253 0.228220841475
92.3670855134 0.222400866691
108.263673387 0.219542322482
126.896100246 0.214771328184
148.735210564 0.210721037879
174.332881929 0.208756614838
204.335971331 0.205454473258
239.502661999 0.200789685389
280.721620238 0.197583503776
329.034455866 0.194514047171
385.662041473 0.191393595947
452.035364631 0.188660106042
529.831690628 0.186078382867
621.016941546 0.183116780362
727.895383589 0.180273583557
853.167850995 0.177963347821
999.999997777 0.174793540845
1172.10229742 0.172715045645
1373.82379499 0.169815437572
1610.26202562 0.167811146214
1887.39181881 0.165122733417
2212.21628594 0.163039604016
2592.94379712 0.160627152088
3039.19538029 0.158626804375
3562.24788591 0.156659573697
4175.31892913 0.154970905736
4893.90090705 0.153124142478
