10 0.0403839905731
11.7210229688 0.0385624300748
13.7382379436 0.0376677207638
16.1026202488 0.036997501883
18.8739181794 0.0361010494152
22.1221629107 0.0348357674161
25.9294379596 0.0326731785735
30.3919537893 0.0319167150019
35.6224788432 0.0306898908359
41.7531892728 0.0296361190554
48.9390091848 0.0291757334305
57.3615250726 0.0277965367946
67.2335752903 0.0270843105991
78.8046280253 0.0263616696226
92.3670855134 0.0253723479718
108.263673387 0.0246490085808
126.896100246 0.0237685466401
148.735210564 0.0229690089576
174.332881929 0.0223740325582
204.335971331 0.0216699449698
239.502661999 0.0208735336038
280.721620238 0.0202354052044
329.034455866 0.0195961478584
385.662041473 0.018983569964
452.035364631 0.0184189546852
529.831690628 0.0178583688625
621.016941546 0.0172977678903
727.895383589 0.0167595870811
853.167850995 0.0162696279263
999.999997777 0.0157410532475
2592.94379712 0.013137359294
3039.19538029 0.0127723549865
3562.24788591 0.0124268724177
4175.31892913 0.0121138025595
4893.90090705 0.0118200421691
5736.15251104 0.0115767993445
6723.35753346 0.0113865986051
7880.46280772 0.0112637205331
9236.70855743 0.0112467117513
10826.3673158 0.0113976483454
12689.6100328 0.0118605743081
14873.521066 0.0131279473637
17433.2882041 0.0272864557456
20433.5971463 0.0127930006136
23950.2661487 0.0113883898295
28072.1620414 0.0113231068769
32903.4456072 0.0136086080128
38566.2041715 0.0123675555993
45203.5364915 0.0112642758995
52983.1689488 0.0180237853363
62101.6941926 0.0112465205628
72789.5384034 0.0129810592278
85316.7851516 0.0135902019359
99999.9998388 0.0117801423044
117210.229499 0.0116567551241
