10 0.201668327374
11.7210229688 0.194314711674
13.7382379436 0.19086438451
16.1026202488 0.190839020969
18.8739181794 0.187727085122
22.1221629107 0.183490831648
25.9294379596 0.173892948717
30.3919537893 0.172247645405
35.6224788432 0.166909338632
41.7531892728 0.163250133989
48.9390091848 0.163220220496
57.3615250726 0.157001815889
67.2335752903 0.154789285446
78.8046280253 0.153018507579
92.3670855134 0.148719564115
108.263673387 0.146494001744
126.896100246 0.142931316565
148.735210564 0.139884159142
174.332881929 0.138312916941
204.335971331 0.13580461632
239.502661999 0.132365000773
280.721620238 0.129972553577
329.034455866 0.127651135621
385.662041473 0.12532191491
452.035364631 0.123271925874
529.831690628 0.121306346045
621.016941546 0.119107158242
727.895383589 0.116996735033
853.167850995 0.115252178335
999.999997777 0.112943563928
1172.10229742 0.111359981286
1373.82379499 0.109249020695
1610.26202562 0.107730016969
1887.39181881 0.105773988444
2212.21628594 0.104219072656
2592.94379712 0.102552561498
3039.19538029 0.101072422603
3562.24788591 0.0996253792895
4175.31892913 0.0983695321202
4893.90090705 0.0970329065526
5736.15251104 0.0960034650868
6723.35753346 0.0952263815771
7880.46280772 0.0946582590621
9236.70855743 0.0945794234205
10826.3673158 0.0952001387288
12689.6100328 0.097105884579
14873.521066 0.102317867264
17433.2882041 0.15432781
20433.5971463 0.0966942236767
23950.2661487 0.0912633251883
28072.1620414 0.0909341347551
32903.4456072 0.099028735049
38566.2041715 0.0888430367018
45203.5364915 0.0852380954615
52983.1689488 0.0945313842595
