10 0.0274481539735
11.7210229688 0.0261526342377
13.7382379436 0.025470673082
16.1026202488 0.0248227794815
18.8739181794 0.0241266335926
22.1221629107 0.0231756278271
25.9294379596 0.0217092857232
30.3919537893 0.0210785623893
35.6224788432 0.0202167284898
41.7531892728 0.0194318315814
48.9390091848 0.018991422802
57.3615250726 0.0180494617501
67.2335752903 0.0174954912805
78.8046280253 0.016923168184
92.3670855134 0.0162312153765
108.263673387 0.0156808319768
126.896100246 0.0150567212074
148.735210564 0.0144819053066
174.332881929 0.0140201611983
204.335971331 0.0135084378023
239.502661999 0.0129580061917
280.721620238 0.0124980977336
329.034455866 0.0120392882316
385.662041473 0.0116030585999
452.035364631 0.0111971433684
