10 0.048477968548
11.7210229688 0.0463340363274
13.7382379436 0.0453064750377
16.1026202488 0.044640316789
18.8739181794 0.0436224558022
22.1221629107 0.042171912531
25.9294379596 0.0395799277676
30.3919537893 0.038757058742
35.6224788432 0.0373041793593
41.7531892728 0.036092018271
48.9390091848 0.0356344879542
57.3615250726 0.0339849904185
67.2335752903 0.0331821652913
78.8046280253 0.0323797410661
92.3670855134 0.0312078993649
108.263673387 0.0303872082192
126.896100246 0.02935270089
148.735210564 0.0284203054705
174.332881929 0.0277541193454
204.335971331 0.0269386823271
239.502661999 0.0259932004498
280.721620238 0.0252508592166
329.034455866 0.024507222229
385.662041473 0.0237915684881
452.035364631 0.0231354665892
