10 0.165204386389
11.7210229688 0.158934367118
13.7382379436 0.156034629377
16.1026202488 0.155818015704
18.8739181794 0.153171775598
22.1221629107 0.149498731291
25.9294379596 0.141366432256
30.3919537893 0.139878602055
35.6224788432 0.135389096196
41.7531892728 0.132240896107
48.9390091848 0.132098538289
57.3615250726 0.126867708491
67.2335752903 0.124961541973
78.8046280253 0.123375932432
92.3670855134 0.119766161901
108.263673387 0.117834672678
126.896100246 0.114822660932
148.735210564 0.112233133233
174.332881929 0.110844977236
204.335971331 0.108699284829
239.502661999 0.10581045412
280.721620238 0.103780049063
329.034455866 0.101798232254
385.662041473 0.0998221934838
452.035364631 0.0980759631481
529.831690628 0.09639096731
621.016941546 0.094530787524
727.895383589 0.0927458180659
853.167850995 0.0912545612516
999.999997777 0.0893238674121
1172.10229742 0.0879652764186
1373.82379499 0.0862003607033
1610.26202562 0.0849017765376
1887.39181881 0.0832684075775
2212.21628594 0.0819523751416
2592.94379712 0.0805571385276
3039.19538029 0.0793124816374
3562.24788591 0.0781015249311
4175.31892913 0.077047611714
4893.90090705 0.0759439909087
5736.15251104 0.075091399837
6723.35753346 0.0744535349695
7880.46280772 0.0740031940084
9236.70855743 0.0739715621869
10826.3673158 0.0745428161707
28072.1620414 0.0729047127135
32903.4456072 0.0807269659969
38566.2041715 0.0735074012275
45203.5364915 0.0704944780669
52983.1689488 0.0827747270633
62101.6941926 0.0682923470045
72789.5384034 0.0708667992889
85316.7851516 0.0724273428948
99999.9998388 0.0682835170589
117210.229499 0.0692410087541
