10 0.0183211040597
11.7210229688 0.0174066558476
13.7382379436 0.0168767975417
16.1026202488 0.0162875020401
18.8739181794 0.0157431402132
22.1221629107 0.0150369502522
25.9294379596 0.0140668218005
30.3919537893 0.0135529404522
35.6224788432 0.0129522293873
41.7531892728 0.0123771045321
48.9390091848 0.011986311969
57.3615250726 0.0113562230649
67.2335752903 0.0109329679757
78.8046280253 0.0104960670944
92.3670855134 0.0100203408382
108.263673387 0.00961404913587
126.896100246 0.00918245741251
148.735210564 0.00878069222669
174.332881929 0.00843704477747
204.335971331 0.00807770472745
2592.94379712 0.00407296919055
3039.19538029 0.00391572657236
3562.24788591 0.00376942265204
4175.31892913 0.00363645933882
4893.90090705 0.0035165184616
5736.15251104 0.00341548165186
6723.35753346 0.00333634353079
7880.46280772 0.00328633856432
9236.70855743 0.00327873037064
10826.3673158 0.00333935634757
12689.6100328 0.00352887426748
14873.521066 0.00406016139543
17433.2882041 0.0109477785096
20433.5971463 0.00394580520335
23950.2661487 0.00335126389073
28072.1620414 0.0033212143759
32903.4456072 0.00429488404326
38566.2041715 0.00376929181309
45203.5364915 0.0033059395059
52983.1689488 0.00635800309959
