10 0.00924298165068
11.7210229688 0.0087225908151
13.7382379436 0.008356591878
16.1026202488 0.00791472038853
18.8739181794 0.00754957210192
48.9390091848 0.00536615288291
57.3615250726 0.0050475684828
67.2335752903 0.00479029956815
78.8046280253 0.00453420806994
92.3670855134 0.0042839492866
108.263673387 0.00405500902974
126.896100246 0.00383076845528
148.735210564 0.00362074121121
174.332881929 0.00342921975307
204.335971331 0.00324275114895
239.502661999 0.00306187260023
280.721620238 0.00289758996702
329.034455866 0.00273938099101
385.662041473 0.00259116332939
452.035364631 0.00245201669641
529.831690628 0.00231895022295
621.016941546 0.00219335973818
727.895383589 0.0020748442935
853.167850995 0.00196373507133
999.999997777 0.00185756803842
1172.10229742 0.00175837977166
1373.82379499 0.001664254309
1610.26202562 0.00157636836528
1887.39181881 0.00149327394288
2212.21628594 0.00141588322961
2592.94379712 0.00134378148975
3039.19538029 0.00127704823463
3562.24788591 0.00121582512091
4175.31892913 0.00116057902325
4893.90090705 0.00111173086237
5736.15251104 0.00107056581489
6723.35753346 0.0010385576584
7880.46280772 0.00101852010613
9236.70855743 0.00101549453322
10826.3673158 0.00103979762329
12689.6100328 0.00111667687851
14873.521066 0.00133818320007
17433.2882041 0.00480361685124
20433.5971463 0.00129146881854
23950.2661487 0.00104582709941
28072.1620414 0.00103369535058
32903.4456072 0.00144152582775
38566.2041715 0.001215552383
45203.5364915 0.00102648555064
52983.1689488 0.00239360221963
62101.6941926 0.0010183830581
72789.5384034 0.00131217508997
85316.7851516 0.00142222657079
99999.9998388 0.00110564545378
117210.229499 0.00109067828756
