10 0.0934960005288
11.7210229688 0.0896450305914
13.7382379436 0.0878820662689
16.1026202488 0.0873391498219
18.8739181794 0.0856700986688
22.1221629107 0.0832791012916
25.9294379596 0.0784017112837
30.3919537893 0.077281427374
35.6224788432 0.0746048889604
41.7531892728 0.0725846956921
48.9390091848 0.0722222952623
57.3615250726 0.0691193714726
67.2335752903 0.0678620369648
78.8046280253 0.0667062785392
92.3670855134 0.0645535520778
108.263673387 0.063261880392
126.896100246 0.0614211279019
148.735210564 0.0598070304013
174.332881929 0.0588220242451
204.335971331 0.0574515565042
239.502661999 0.0557191868565
280.721620238 0.0544479774961
329.034455866 0.0531866923237
385.662041473 0.0519509814939
452.035364631 0.0508415775945
529.831690628 0.0497512154622
621.016941546 0.0485964464874
727.895383589 0.0474871175742
853.167850995 0.0465261898814
999.999997777 0.0453688261036
1172.10229742 0.0444810170942
1373.82379499 0.0434202429878
1610.26202562 0.0425780459398
1887.39181881 0.0415957717898
2212.21628594 0.0407644304135
2592.94379712 0.0399135109221
3039.19538029 0.039138480884
3562.24788591 0.0383919907368
4175.31892913 0.0377289251934
4893.90090705 0.0370666238502
5736.15251104 0.036538803376
6723.35753346 0.0361343161626
7880.46280772 0.0358604139079
9236.70855743 0.0358316684625
10826.3673158 0.0361734774015
12689.6100328 0.0371978051653
14873.521066 0.0399677348174
17433.2882041 0.0686012609235
20433.5971463 0.0385971820868
23950.2661487 0.0356736231736
28072.1620414 0.0355914283799
32903.4456072 0.0404200662512
38566.2041715 0.0370035424462
45203.5364915 0.0348927491866
52983.1689488 0.0457760263052
62101.6941926 0.0345082673816
72789.5384034 0.0379943225539
85316.7851516 0.038919167568
99999.9998388 0.0363156030128
117210.229499 0.0367556172045
