10 0.667114949028
11.7210229688 0.656041840679
13.7382379436 0.649449228676
16.1026202488 0.651473912059
18.8739181794 0.645879034724
22.1221629107 0.63994720648
25.9294379596 0.624822642095
30.3919537893 0.622807872214
35.6224788432 0.613108028243
41.7531892728 0.607341978076
48.9390091848 0.608089742539
57.3615250726 0.597029766383
67.2335752903 0.593000869146
78.8046280253 0.590697683234
92.3670855134 0.582436242958
108.263673387 0.578704021667
126.896100246 0.572027911204
148.735210564 0.566381615223
174.332881929 0.563832716261
204.335971331 0.559236695853
239.502661999 0.552384618727
280.721620238 0.547584804111
329.034455866 0.543184733234
385.662041473 0.53850123825
452.035364631 0.534353541972
529.831690628 0.530615605565
621.016941546 0.526050575968
727.895383589 0.521628788043
853.167850995 0.51809009014
999.999997777 0.512942950894
1172.10229742 0.509791546099
1373.82379499 0.505011701044
1610.26202562 0.501899328593
1887.39181881 0.497415429826
2212.21628594 0.494062997123
2592.94379712 0.490219349
3039.19538029 0.486900143652
3562.24788591 0.483589157529
4175.31892913 0.480789426959
4893.90090705 0.477565376338
5736.15251104 0.475146213349
6723.35753346 0.473370636848
7880.46280772 0.471924113721
9236.70855743 0.471689814719
10826.3673158 0.473021806712
12689.6100328 0.477246331823
14873.521066 0.488871904271
17433.2882041 0.59056936161
20433.5971463 0.472874804637
23950.2661487 0.459725776119
28072.1620414 0.458099051127
32903.4456072 0.476229667044
38566.2041715 0.442778239755
45203.5364915 0.432834200436
52983.1689488 0.439086861478
62101.6941926 0.403746181617
72789.5384034 0.384916129441
85316.7851516 0.382327077573
99999.9998388 0.350235693606
117210.229499 0.327490342111
