10.000000 0.667115 
11.721023 0.656042 
13.738238 0.649449 
16.102620 0.651474 
18.873918 0.645879 
22.122163 0.639947 
25.929438 0.624823 
30.391954 0.622808 
35.622479 0.613108 
41.753189 0.607342 
48.939009 0.608090 
57.361525 0.597030 
67.233575 0.593001 
78.804628 0.590698 
92.367086 0.582436 
108.263673 0.578704 
126.896100 0.572028 
148.735211 0.566382 
174.332882 0.563833 
204.335971 0.559237 
239.502662 0.552385 
280.721620 0.547585 
329.034456 0.543185 
385.662041 0.538501 
452.035365 0.534354 
529.831691 0.530616 
621.016942 0.526051 
727.895384 0.521629 
853.167851 0.518090 
999.999998 0.512943 
1172.102297 0.509792 
1373.823795 0.505012 
1610.262026 0.501899 
1887.391819 0.497415 
2212.216286 0.494063 
2592.943797 0.490219 
3039.195380 0.486900 
3562.247886 0.483589 
4175.318929 0.480789 
4893.900907 0.477565 
5736.152511 0.475146 
6723.357533 0.473371 
7880.462808 0.471924 
9236.708557 0.471690 
10826.367316 0.473022 
12689.610033 0.477246 
14873.521066 0.488872 
17433.288204 0.590569 
20433.597146 0.472875 
23950.266149 0.459726 
28072.162041 0.458099 
32903.445607 0.476230 
38566.204172 0.442778 
45203.536491 0.432834 
52983.168949 0.439087 
62101.694193 0.403746 
72789.538403 0.384916 
85316.785152 0.382327 
99999.999839 0.350236 
117210.229499 0.327490 
