10 0.00313192751517
11.7210229688 0.00290549566802
13.7382379436 0.00270029133393
16.1026202488 0.00249036434317
18.8739181794 0.00230794467417
22.1221629107 0.00213523730023
25.9294379596 0.0019698631072
30.3919537893 0.0018187062564
35.6224788432 0.00168633952789
41.7531892728 0.00155867627503
48.9390091848 0.00144113661946
57.3615250726 0.00133153562033
67.2335752903 0.00123087795738
78.8046280253 0.00113873757924
92.3670855134 0.0010522869229
108.263673387 0.000972892236324
126.896100246 0.000899668952754
148.735210564 0.000832075701128
174.332881929 0.000769179230927
204.335971331 0.00071133608637
239.502661999 0.000657555755405
280.721620238 0.000608101830686
329.034455866 0.000562218181193
385.662041473 0.000519921211427
452.035364631 0.000480772220776
529.831690628 0.000444596721276
621.016941546 0.000411182533675
727.895383589 0.000380328923705
853.167850995 0.00035187420872
999.999997777 0.000325577394941
