10.000000 0.003310 
11.721023 0.003074 
13.738238 0.002862 
16.102620 0.002642 
18.873918 0.002453 
22.122163 0.002272 
25.929438 0.002097 
30.391954 0.001939 
35.622479 0.001800 
41.753189 0.001666 
48.939009 0.001542 
57.361525 0.001427 
67.233575 0.001321 
78.804628 0.001223 
92.367086 0.001132 
108.263673 0.001048 
126.896100 0.000970 
148.735211 0.000898 
174.332882 0.000831 
204.335971 0.000770 
239.502662 0.000712 
280.721620 0.000659 
329.034456 0.000610 
385.662041 0.000565 
452.035365 0.000523 
529.831691 0.000484 
621.016942 0.000449 
727.895384 0.000415 
853.167851 0.000385 
999.999998 0.000356 
1172.102297 0.000330 
1373.823795 0.000306 
1610.262026 0.000284 
1887.391819 0.000264 
2212.216286 0.000245 
2592.943797 0.000228 
3039.195380 0.000212 
3562.247886 0.000198 
4175.318929 0.000186 
4893.900907 0.000175 
5736.152511 0.000166 
6723.357533 0.000159 
7880.462808 0.000155 
9236.708557 0.000155 
10826.367316 0.000160 
12689.610033 0.000176 
14873.521066 0.000226 
17433.288204 0.001324 
20433.597146 0.000216 
23950.266149 0.000161 
28072.162041 0.000158 
32903.445607 0.000251 
38566.204172 0.000198 
45203.536491 0.000157 
52983.168949 0.000507 
62101.694193 0.000155 
72789.538403 0.000220 
85316.785152 0.000246 
99999.999839 0.000174 
117210.229499 0.000171 
