10 0.00364823908559
11.7210229688 0.00339429681276
13.7382379436 0.003169962407
16.1026202488 0.00293260115155
18.8739181794 0.00272964828603
22.1221629107 0.00253277022502
25.9294379596 0.00234181483031
30.3919537893 0.00217015889616
35.6224788432 0.00201906335258
41.7531892728 0.00187211546222
48.9390091848 0.00173740327512
57.3615250726 0.00161012777587
67.2335752903 0.00149398400198
78.8046280253 0.00138653258988
92.3670855134 0.00128566851922
108.263673387 0.0011926645001
126.896100246 0.00110646659763
148.735210564 0.00102664392682
174.332881929 0.000952288660947
204.335971331 0.000883554751375
239.502661999 0.000819413099061
280.721620238 0.000760331309931
329.034455866 0.000705276366909
385.662041473 0.000654381039194
452.035364631 0.000607137911662
529.831690628 0.000563302837234
621.016941546 0.000522691486248
727.895383589 0.000485068572673
853.167850995 0.000450260505593
999.999997777 0.000417979171075
1172.10229742 0.000388114066364
1373.82379499 0.000360515195851
1610.26202562 0.000335044759792
1887.39181881 0.000311579231016
2212.21628594 0.000290025592407
2592.94379712 0.000270325776266
3039.19538029 0.00025240633545
3562.24788591 0.00023626521237
4175.31892913 0.000221928117267
4893.90090705 0.000209477118318
5736.15251104 0.000199098805245
6723.35753346 0.000191129335738
7880.46280772 0.000186182592129
9236.70855743 0.00018544430475
10826.3673158 0.000191440671449
12689.6100328 0.000210730006299
14873.521066 0.000268806206157
17433.2882041 0.0014972034514
20433.5971463 0.000256254413175
23950.2661487 0.000192953869493
28072.1620414 0.000189940874082
32903.4456072 0.00029708292523
38566.2041715 0.000236176020229
45203.5364915 0.000188149752381
52983.1689488 0.000589030134892
62101.6941926 0.000186138074148
72789.5384034 0.000261908210472
85316.7851516 0.00029167284734
99999.9998388 0.00020793313413
117210.229499 0.000204103795096
