10 0.0378658235919
11.7210229688 0.0361449978858
13.7382379436 0.0352906973844
16.1026202488 0.0346185046154
18.8739181794 0.0337591166777
22.1221629107 0.0325517082571
25.9294379596 0.0305240653684
30.3919537893 0.0297880085497
35.6224788432 0.0286316061903
41.7531892728 0.0276273799049
48.9390091848 0.0271659445733
57.3615250726 0.0258714042739
67.2335752903 0.0251873590887
78.8046280253 0.0244900082368
92.3670855134 0.0235577272055
108.263673387 0.0228650984929
126.896100246 0.0220329933661
148.735210564 0.021275265159
174.332881929 0.0207030030723
204.335971331 0.0200341214018
239.502661999 0.0192845304573
280.721620238 0.018679306529
329.034455866 0.0180731140197
385.662041473 0.0174931380383
452.035364631 0.0169575611307
529.831690628 0.0164258772627
621.016941546 0.0158963946245
727.895383589 0.0153882327231
853.167850995 0.014924071936
999.999997777 0.0144274637024
1172.10229742 0.0139960817804
1373.82379499 0.0135413976012
1610.26202562 0.0131400347235
1887.39181881 0.0127219733875
2212.21628594 0.0123436548567
2592.94379712 0.0119752578191
3039.19538029 0.0116320890484
3562.24788591 0.0113076962669
4175.31892913 0.011013346014
4893.90090705 0.0107382830463
5736.15251104 0.010509843616
6723.35753346 0.0103307222384
7880.46280772 0.0102149862566
9236.70855743 0.010197545158
10826.3673158 0.0103366725506
12689.6100328 0.0107667093883
14873.521066 0.0119475295317
17433.2882041 0.0251816389722
20433.5971463 0.0116089160742
23950.2661487 0.0103007385071
28072.1620414 0.010235018117
32903.4456072 0.0123468842405
38566.2041715 0.0111997299177
45203.5364915 0.0101823492311
52983.1689488 0.016588576545
62101.6941926 0.0101966124629
72789.5384034 0.0118469105149
85316.7851516 0.0123887071945
99999.9998388 0.0106375486283
117210.229499 0.0105314680527
