10 0.202469938617
11.7210229688 0.195093601326
13.7382379436 0.191631218321
16.1026202488 0.191607192809
18.8739181794 0.188484628723
22.1221629107 0.184235482739
25.9294379596 0.174607422883
30.3919537893 0.17295701603
35.6224788432 0.167600784679
41.7531892728 0.163929732576
48.9390091848 0.163899829459
57.3615250726 0.15766068434
67.2335752903 0.155440463834
78.8046280253 0.153663941721
92.3670855134 0.149350130495
108.263673387 0.147116947103
126.896100246 0.143541913444
148.735210564 0.1404841399
174.332881929 0.138907390949
204.335971331 0.136390265013
239.502661999 0.132938419301
280.721620238 0.130537325998
329.034455866 0.128207582437
385.662041473 0.125869891762
452.035364631 0.123812383726
529.831690628 0.121839641519
621.016941546 0.119632336735
727.895383589 0.117514081466
853.167850995 0.115763017251
999.999997777 0.113445740758
