10 0.0033101090319
11.7210229688 0.00307407814678
13.7382379436 0.00286204991714
16.1026202488 0.00264244537559
18.8739181794 0.0024527643781
22.1221629107 0.00227162748588
25.9294379596 0.0020974475916
30.3919537893 0.00193909934687
35.6224788432 0.00180020573683
41.7531892728 0.00166583696405
48.9390091848 0.0015422810544
57.3615250726 0.00142657617371
67.2335752903 0.0013205199928
78.8046280253 0.00122307225996
92.3670855134 0.00113163444471
108.263673387 0.00104752967197
126.896100246 0.000969830612195
148.735210564 0.000898021393497
174.332881929 0.000831169618479
204.335971331 0.00076957862728
239.502661999 0.000712240110387
280.721620238 0.000659476799513
329.034455866 0.000610447354706
385.662041473 0.000565202950279
452.035364631 0.000523281238255
529.831690628 0.000484486720325
621.016941546 0.000448613888395
727.895383589 0.000415450255319
853.167850995 0.000384829313951
999.999997777 0.000356495115392
1172.10229742 0.000330333260726
1373.82379499 0.000306208896537
1610.26202562 0.00028398898299
1887.39181881 0.000263561969394
2212.21628594 0.0002448360573
2592.94379712 0.00022775488512
3039.19538029 0.00021224773772
3562.24788591 0.000198306259493
4175.31892913 0.000185945383613
4893.90090705 0.000175228851184
5736.15251104 0.000166309469791
6723.35753346 0.000159469340969
7880.46280772 0.000155227333046
9236.70855743 0.000154594511862
10826.3673158 0.000159735847592
12689.6100328 0.000176305182732
14873.521066 0.000226436444183
17433.2882041 0.00132362216539
20433.5971463 0.000215575017985
23950.2661487 0.000161033565514
28072.1620414 0.000158448468916
32903.4456072 0.00025096506726
38566.2041715 0.000198223631091
45203.5364915 0.000156914811057
52983.1689488 0.00050720177775
62101.6941926 0.000155193080842
72789.5384034 0.000220461531667
85316.7851516 0.000246256819584
99999.9998388 0.000173899046446
117210.229499 0.000170603952517
