10 0.00314835689014
11.7210229688 0.00292103493397
13.7382379436 0.00271519082214
16.1026202488 0.0025043620696
18.8739181794 0.00232126467896
22.1221629107 0.00214777605217
25.9294379596 0.00198159086975
30.3919537893 0.00182976563688
35.6224788432 0.00169679412027
41.7531892728 0.00156851032568
48.9390091848 0.00145041196205
57.3615250726 0.00134024792145
67.2335752903 0.00123909008202
78.8046280253 0.00114645936495
92.3670855134 0.00105954829641
108.263673387 0.000979718781902
126.896100246 0.000906082937674
148.735210564 0.000838101212126
174.332881929 0.000774840092674
204.335971331 0.000716651923387
239.502661999 0.000662544345999
280.721620238 0.000612785948067
329.034455866 0.000566613175306
385.662041473 0.000524045401813
452.035364631 0.000484641751519
529.831690628 0.000448225926372
621.016941546 0.000414586233403
727.895383589 0.000383520863473
853.167850995 0.000354867659429
999.999997777 0.000328384298393
1172.10229742 0.000303956900623
1373.82379499 0.00028145673061
1610.26202562 0.00026075438194
1887.39181881 0.000241743252833
2212.21628594 0.000224333217209
2592.94379712 0.00020846876763
3039.19538029 0.00019408076521
3562.24788591 0.000181158237952
4175.31892913 0.00016971154946
4893.90090705 0.000159796262406
5736.15251104 0.00015155012972
6723.35753346 0.000145230580488
7880.46280772 0.000141313179351
9236.70855743 0.000140728803758
10826.3673158 0.000145476089619
12689.6100328 0.000160790318772
14873.521066 0.000207241853518
17433.2882041 0.00124208679255
20433.5971463 0.000197168681691
23950.2661487 0.000146675008256
28072.1620414 0.000144285788131
32903.4456072 0.00023002461042
38566.2041715 0.000181080830047
45203.5364915 0.000142869013458
52983.1689488 0.000469559612477
62101.6941926 0.000141278887779
72789.5384034 0.000201684942894
85316.7851516 0.000225664436638
99999.9998388 0.000158569124326
117210.229499 0.000155525422543
