10 0.00405039140228
11.7210229688 0.00377559692875
13.7382379436 0.0035375822973
16.1026202488 0.00328010136164
18.8739181794 0.00306214536519
22.1221629107 0.00284695886919
25.9294379596 0.00263593472275
30.3919537893 0.00244900419038
35.6224788432 0.00228367800707
41.7531892728 0.00212201072515
48.9390091848 0.00197447097172
57.3615250726 0.00183344880716
67.2335752903 0.00170557153542
78.8046280253 0.00158634950524
92.3670855134 0.00147433920448
108.263673387 0.00137082817323
126.896100246 0.00127452213055
148.735210564 0.00118515830378
174.332881929 0.00110189875595
204.335971331 0.00102463149608
239.502661999 0.000952324278509
280.721620238 0.000885677751463
329.034455866 0.00082337701912
385.662041473 0.000765678413924
452.035364631 0.000712021094868
529.831690628 0.000662087018871
621.016941546 0.00061573147403
727.895383589 0.000572691567973
853.167850995 0.000532789208379
999.999997777 0.000495689959954
