10 0.00354470760638
11.7210229688 0.00329620996949
13.7382379436 0.00307555962667
16.1026202488 0.00284355202206
18.8739181794 0.00264459548399
22.1221629107 0.00245250251142
25.9294379596 0.00226669292878
30.3919537893 0.0020990654191
35.6224788432 0.00195168161955
41.7531892728 0.00180856529108
48.9390091848 0.00167723285308
57.3615250726 0.00155349866572
67.2335752903 0.00144042186095
78.8046280253 0.00133602355229
92.3670855134 0.00123804041027
108.263673387 0.00114775538275
126.896100246 0.00106416010712
148.735210564 0.000986792399732
174.332881929 0.000914733655405
204.335971331 0.000848190531684
239.502661999 0.000786138507616
280.721620238 0.000728996086453
329.034455866 0.000675793227801
385.662041473 0.000626635543532
452.035364631 0.000581029426699
529.831690628 0.000538746890853
621.016941546 0.000499595936423
727.895383589 0.000463348315092
853.167850995 0.00042983230216
999.999997777 0.000398770219088
