10.000000 0.027580 
11.721023 0.026279 
13.738238 0.025594 
16.102620 0.024943 
18.873918 0.024243 
22.122163 0.023288 
25.929438 0.021815 
30.391954 0.021181 
35.622479 0.020315 
41.753189 0.019527 
48.939009 0.019084 
57.361525 0.018138 
67.233575 0.017581 
78.804628 0.017006 
92.367086 0.016311 
108.263673 0.015758 
126.896100 0.015131 
148.735211 0.014553 
174.332882 0.014089 
204.335971 0.013575 
239.502662 0.013022 
280.721620 0.012560 
329.034456 0.012099 
385.662041 0.011661 
452.035365 0.011253 
529.831691 0.010849 
621.016942 0.010455 
727.895384 0.010076 
853.167851 0.009727 
999.999998 0.009365 
1172.102297 0.009042 
1373.823795 0.008712 
1610.262026 0.008414 
1887.391819 0.008113 
2212.216286 0.007836 
2592.943797 0.007571 
3039.195380 0.007323 
3562.247886 0.007090 
4175.318929 0.006878 
4893.900907 0.006684 
5736.152511 0.006521 
6723.357533 0.006393 
7880.462808 0.006312 
9236.708557 0.006299 
10826.367316 0.006398 
12689.610033 0.006704 
14873.521066 0.007551 
17433.288204 0.017581 
20433.597146 0.007349 
23950.266149 0.006402 
28072.162041 0.006355 
32903.445607 0.007892 
38566.204172 0.007071 
45203.536491 0.006331 
52983.168949 0.011055 
62101.694193 0.006312 
72789.538403 0.007448 
85316.785152 0.007842 
99999.999839 0.006636 
117210.229499 0.006598 
