10 0.146418895766
11.7210229688 0.14074585212
13.7382379436 0.13813765929
16.1026202488 0.137823285128
18.8739181794 0.135424858968
22.1221629107 0.132063025046
25.9294379596 0.124736400482
30.3919537893 0.123333948734
35.6224788432 0.119301847879
41.7531892728 0.116431118998
48.9390091848 0.116226176143
57.3615250726 0.111529266633
67.2335752903 0.109785325419
78.8046280253 0.108299275517
92.3670855134 0.105058156107
108.263673387 0.103283110605
126.896100246 0.100564854291
148.735210564 0.0982185654803
174.332881929 0.0969262417335
204.335971331 0.0949720312901
239.502661999 0.092374311342
280.721620238 0.0905340995695
329.034455866 0.0887295664037
385.662041473 0.0869378213309
452.035364631 0.0853496045731
529.831690628 0.0838085548898
621.016941546 0.082123303222
727.895383589 0.0805054479554
853.167850995 0.0791428837074
999.999997777 0.0774057070623
1172.10229742 0.0761584436938
1373.82379499 0.0745684797672
1610.26202562 0.0733770685245
1887.39181881 0.0719035423283
2212.21628594 0.0707013409432
2592.94379712 0.0694375682683
3039.19538029 0.0683025014767
3562.24788591 0.0671990411827
4175.31892913 0.0662310790086
4893.90090705 0.0652273544853
5736.15251104 0.0644426549684
6723.35753346 0.0638444034065
7880.46280772 0.0634195322575
9236.70855743 0.0633604836054
10826.3673158 0.0638386627379
12689.6100328 0.0653030873613
14873.521066 0.0692957018324
17433.2882041 0.109475731707
20433.5971463 0.0657300439758
23950.2661487 0.0616488257171
28072.1620414 0.061406134117
32903.4456072 0.0677640619516
38566.2041715 0.0609841285712
45203.5364915 0.0582686970678
52983.1689488 0.0683750091319
62101.6941926 0.0561316673446
72789.5384034 0.0594450122508
85316.7851516 0.0604634136418
99999.9998388 0.0586567312272
117210.229499 0.061354327215
