10 0.0107387612925
11.7210229688 0.0101511278245
13.7382379436 0.00975484660252
16.1026202488 0.00927671200543
18.8739181794 0.00887722241473
22.1221629107 0.00840406879158
25.9294379596 0.00784436459531
30.3919537893 0.00746650925598
35.6224788432 0.00708804349155
41.7531892728 0.00671196337598
48.9390091848 0.0064098253397
57.3615250726 0.00603995463452
67.2335752903 0.00575096073464
78.8046280253 0.00546031705978
92.3670855134 0.00517172688647
108.263673387 0.00491011980922
126.896100246 0.00465028265974
148.735210564 0.00440692913883
174.332881929 0.00418709904319
204.335971331 0.00397039883574
239.502661999 0.00375813940631
280.721620238 0.00356668455183
329.034455866 0.00338125808976
385.662041473 0.00320724830358
452.035364631 0.00304382279887
529.831690628 0.00288672130578
621.016941546 0.00273793825489
727.895383589 0.00259718532796
853.167850995 0.00246516216096
999.999997777 0.00233813088869
1172.10229742 0.00221958528694
1373.82379499 0.00210641205366
1610.26202562 0.00200077918287
1887.39181881 0.00190033058527
2212.21628594 0.00180671130986
2592.94379712 0.00171921008616
3039.19538029 0.00163804235698
3562.24788591 0.00156335997147
4175.31892913 0.00149583451277
4893.90090705 0.00143592272694
5736.15251104 0.00138539696364
6723.35753346 0.00134603885505
7880.46280772 0.00132136644248
9236.70855743 0.00131763528332
10826.3673158 0.00134757307943
12689.6100328 0.00144202515874
14873.521066 0.00171243724243
17433.2882041 0.00575361614971
20433.5971463 0.00165578017782
23950.2661487 0.00135494363388
28072.1620414 0.00134004192912
32903.4456072 0.00183768124303
38566.2041715 0.00156307681741
45203.5364915 0.00133113588521
52983.1689488 0.00297131390323
62101.6941926 0.00132101695209
72789.5384034 0.0016814681092
85316.7851516 0.0018142132501
99999.9998388 0.00142863811795
117210.229499 0.00140976649782
