10.000000 0.016334 
11.721023 0.015504 
13.738238 0.015007 
16.102620 0.014437 
18.873918 0.013927 
22.122163 0.013278 
25.929438 0.012416 
30.391954 0.011932 
35.622479 0.011389 
41.753189 0.010863 
48.939009 0.010488 
57.361525 0.009927 
67.233575 0.009535 
78.804628 0.009132 
92.367086 0.008704 
108.263673 0.008333 
126.896100 0.007945 
148.735211 0.007583 
174.332882 0.007269 
204.335971 0.006945 
239.502662 0.006617 
280.721620 0.006329 
329.034456 0.006045 
385.662041 0.005778 
452.035365 0.005527 
529.831691 0.005283 
621.016942 0.005048 
727.895384 0.004825 
853.167851 0.004616 
999.999998 0.004410 
1172.102297 0.004220 
1373.823795 0.004034 
1610.262026 0.003862 
1887.391819 0.003694 
2212.216286 0.003538 
2592.943797 0.003391 
3039.195380 0.003254 
3562.247886 0.003127 
4175.318929 0.003011 
4893.900907 0.002907 
5736.152511 0.002820 
6723.357533 0.002751 
7880.462808 0.002708 
9236.708557 0.002702 
10826.367316 0.002754 
12689.610033 0.002918 
14873.521066 0.003380 
17433.288204 0.009537 
20433.597146 0.003282 
23950.266149 0.002766 
28072.162041 0.002740 
32903.445607 0.003588 
38566.204172 0.003127 
45203.536491 0.002725 
52983.168949 0.005403 
62101.694193 0.002707 
72789.538403 0.003326 
85316.785152 0.003548 
99999.999839 0.002896 
117210.229499 0.002861 
