10 0.0675258715818
11.7210229688 0.0646415923873
13.7382379436 0.0633010787439
16.1026202488 0.0626689857816
18.8739181794 0.0613704552158
22.1221629107 0.0595047137665
25.9294379596 0.0559241777717
30.3919537893 0.054962560992
35.6224788432 0.0529845496963
41.7531892728 0.0514168373762
48.9390091848 0.050986346342
57.3615250726 0.0487113395465
67.2335752903 0.0477075313082
78.8046280253 0.0467398557634
92.3670855134 0.0451461742788
108.263673387 0.0441138764985
126.896100246 0.0427288336437
148.735210564 0.0414976166603
174.332881929 0.0406833123828
204.335971331 0.039621590617
239.502661999 0.0383351384735
280.721620238 0.0373601327004
329.034455866 0.0363861517795
385.662041473 0.0354409445105
452.035364631 0.0345833084093
529.831690628 0.0337340949753
621.016941546 0.0328560904577
727.895383589 0.0320122742277
853.167850995 0.0312655476323
999.999997777 0.0304053794312
