10 0.00389968832232
11.7210229688 0.003632655589
13.7382379436 0.00339965609141
16.1026202488 0.00314959084748
18.8739181794 0.00293716391512
22.1221629107 0.00272878745895
25.9294379596 0.00252529904545
30.3919537893 0.00234402420967
35.6224788432 0.00218399737446
41.7531892728 0.00202781589067
48.9390091848 0.00188502741115
57.3615250726 0.00174915527066
67.2335752903 0.00162564177869
78.8046280253 0.00151081369897
92.3670855134 0.00140297210534
108.263673387 0.00130338789325
126.896100246 0.00121086916497
148.735210564 0.00112508128982
174.332881929 0.00104515485886
204.335971331 0.000971089177465
239.502661999 0.000901850484522
280.721620238 0.00083804400327
329.034455866 0.000778467514077
385.662041473 0.000723327695764
452.035364631 0.000672083662738
529.831690628 0.000624447177389
621.016941546 0.000580256864255
727.895383589 0.000539260206779
853.167850995 0.00050128026895
999.999997777 0.000466001128084
1172.10229742 0.000433320276705
1373.82379499 0.000403073750771
1610.26202562 0.000375123189454
1887.39181881 0.000349334244637
2212.21628594 0.00032561532843
2592.94379712 0.000303906996399
3039.19538029 0.000284134268011
3562.24788591 0.00026630043938
4175.31892913 0.000250440311062
4893.90090705 0.000236650549617
5736.15251104 0.000225144909316
6723.35753346 0.000216301770551
7880.46280772 0.000210809437835
9236.70855743 0.000209989374002
10826.3673158 0.000216647637845
12689.6100328 0.00023803946085
14873.521066 0.000302232198966
17433.2882041 0.00162891720466
20433.5971463 0.000288384076987
23950.2661487 0.000218327528332
28072.1620414 0.000214982745796
32903.4456072 0.000333381966626
38566.2041715 0.000266205351844
45203.5364915 0.000212991441662
52983.1689488 0.000652415568376
62101.6941926 0.000210756893576
72789.5384034 0.000294612851219
85316.7851516 0.000327445518759
99999.9998388 0.000234942883759
117210.229499 0.000230692228634
