10.000000 0.006589 
11.721023 0.006190 
13.738238 0.005881 
16.102620 0.005518 
18.873918 0.005220 
22.122163 0.004898 
25.929438 0.004557 
30.391954 0.004286 
35.622479 0.004036 
41.753189 0.003787 
48.939009 0.003569 
57.361525 0.003341 
67.233575 0.003145 
78.804628 0.002955 
92.367086 0.002774 
108.263673 0.002607 
126.896100 0.002447 
148.735211 0.002298 
174.332882 0.002160 
204.335971 0.002029 
239.502662 0.001904 
280.721620 0.001789 
329.034456 0.001680 
385.662041 0.001578 
452.035365 0.001483 
529.831691 0.001393 
621.016942 0.001309 
727.895384 0.001230 
853.167851 0.001156 
999.999998 0.001086 
1172.102297 0.001021 
1373.823795 0.000960 
1610.262026 0.000903 
1887.391819 0.000850 
2212.216286 0.000801 
2592.943797 0.000755 
3039.195380 0.000713 
3562.247886 0.000675 
4175.318929 0.000640 
4893.900907 0.000610 
5736.152511 0.000585 
6723.357533 0.000565 
7880.462808 0.000553 
9236.708557 0.000551 
10826.367316 0.000566 
12689.610033 0.000613 
14873.521066 0.000751 
17433.288204 0.003148 
20433.597146 0.000722 
23950.266149 0.000570 
28072.162041 0.000562 
32903.445607 0.000817 
38566.204172 0.000675 
45203.536491 0.000558 
52983.168949 0.001445 
62101.694193 0.000553 
72789.538403 0.000735 
85316.785152 0.000804 
99999.999839 0.000607 
117210.229499 0.000597 
