10 0.00543548036922
11.7210229688 0.00509168185395
13.7382379436 0.00481250636416
16.1026202488 0.00449327627521
18.8739181794 0.00422888808952
22.1221629107 0.00395371321743
25.9294379596 0.00367259455371
30.3919537893 0.003437199038
35.6224788432 0.00322472287143
41.7531892728 0.00301423518185
48.9390091848 0.00282605103397
57.3615250726 0.0026377249043
67.2335752903 0.0024715251332
78.8046280253 0.00231296316307
92.3670855134 0.00216309024747
108.263673387 0.00202417091042
126.896100246 0.00189316985375
148.735210564 0.0017710186362
174.332881929 0.00165747549941
204.335971331 0.00155070761882
239.502661999 0.00144983692086
280.721620238 0.00135693922516
329.034455866 0.00126925257439
385.662041473 0.00118766799083
452.035364631 0.00111145247059
529.831690628 0.00103988835086
621.016941546 0.000973079227054
727.895383589 0.000910671145764
853.167850995 0.000852509920095
999.999997777 0.00079800691271
