10.000000 0.005775 
11.721023 0.005415 
13.738238 0.005127 
16.102620 0.004794 
18.873918 0.004519 
22.122163 0.004230 
25.929438 0.003931 
30.391954 0.003685 
35.622479 0.003461 
41.753189 0.003239 
48.939009 0.003042 
57.361525 0.002842 
67.233575 0.002667 
78.804628 0.002499 
92.367086 0.002340 
108.263673 0.002193 
126.896100 0.002053 
148.735211 0.001923 
174.332882 0.001802 
204.335971 0.001688 
239.502662 0.001580 
280.721620 0.001481 
329.034456 0.001387 
385.662041 0.001299 
452.035365 0.001218 
529.831691 0.001141 
621.016942 0.001069 
727.895384 0.001001 
853.167851 0.000939 
999.999998 0.000880 
1172.102297 0.000825 
1373.823795 0.000773 
1610.262026 0.000726 
1887.391819 0.000681 
2212.216286 0.000640 
2592.943797 0.000602 
3039.195380 0.000567 
3562.247886 0.000535 
4175.318929 0.000507 
4893.900907 0.000482 
5736.152511 0.000461 
6723.357533 0.000445 
7880.462808 0.000435 
9236.708557 0.000434 
10826.367316 0.000446 
12689.610033 0.000485 
14873.521066 0.000599 
17433.288204 0.002670 
20433.597146 0.000575 
23950.266149 0.000449 
28072.162041 0.000443 
32903.445607 0.000653 
38566.204172 0.000535 
45203.536491 0.000439 
52983.168949 0.001185 
62101.694193 0.000435 
72789.538403 0.000586 
85316.785152 0.000643 
99999.999839 0.000479 
117210.229499 0.000471 
