10 0.00486419635058
11.7210229688 0.00454840916792
13.7382379436 0.0042852652474
16.1026202488 0.003990167961
18.8739181794 0.00374406056988
22.1221629107 0.00349308752573
25.9294379596 0.00324105758713
30.3919537893 0.00302491916874
35.6224788432 0.00283158356167
41.7531892728 0.00264089356191
48.9390091848 0.00246882668515
57.3615250726 0.00230000937779
67.2335752903 0.00214923634746
78.8046280253 0.00200666384686
92.3670855134 0.00187231067872
108.263673387 0.00174783833063
126.896100246 0.0016311148225
148.735210564 0.00152245918413
174.332881929 0.00142131586875
204.335971331 0.00132671828865
239.502661999 0.00123769552155
280.721620238 0.00115564320903
329.034455866 0.00107848723867
385.662041473 0.00100681927433
452.035364631 0.000939973981058
529.831690628 0.000877426523728
621.016941546 0.000819158269585
727.895383589 0.000764851156103
853.167850995 0.00071433306864
999.999997777 0.000667140694565
