10 0.00658859810679
11.7210229688 0.00618969922467
13.7382379436 0.00588111945825
16.1026202488 0.00551820997516
18.8739181794 0.00521987657168
22.1221629107 0.0048978884524
25.9294379596 0.00455737263922
30.3919537893 0.00428587725495
35.6224788432 0.00403578828073
41.7531892728 0.00378666866206
48.9390091848 0.00356853429541
57.3615250726 0.00334080991983
67.2335752903 0.00314496873021
78.8046280253 0.00295519118686
92.3670855134 0.00277437966625
108.263673387 0.00260702415475
126.896100246 0.00244740230204
148.735210564 0.00229821188054
174.332881929 0.002160136416
204.335971331 0.00202890525047
239.502661999 0.00190393646983
280.721620238 0.0017891886423
329.034455866 0.00168012408515
385.662041473 0.00157837975779
452.035364631 0.0014831094613
529.831690628 0.00139308573954
621.016941546 0.0013087301728
727.895383589 0.00122963149899
853.167850995 0.00115571107946
999.999997777 0.00108601995893
1172.10229742 0.00102096446443
1373.82379499 0.00095994390529
1610.26202562 0.000903084914365
1887.39181881 0.00084992721213
2212.21628594 0.000800595911464
2592.94379712 0.000754965824999
3039.19538029 0.000712982540807
3562.24788591 0.000674725893945
4175.31892913 0.000640387385483
4893.90090705 0.000610244577179
5736.15251104 0.000584920499407
6723.35753346 0.000565317938416
7880.46280772 0.000553087160132
9236.70855743 0.000551251185399
10826.3673158 0.00056608705866
12689.6100328 0.000613297701721
14873.521066 0.000751432464132
17433.2882041 0.00314823841266
20433.5971463 0.000722098179098
23950.2661487 0.000569808795058
28072.1620414 0.000562375969898
32903.4456072 0.000816824202996
38566.2041715 0.000674520606107
45203.5364915 0.000557927181199
52983.1689488 0.00144451165978
62101.6941926 0.000552992616098
72789.5384034 0.000735262621277
85316.7851516 0.000804453351826
99999.9998388 0.000606543117133
117210.229499 0.000597117067454
