10 0.0184100882995
11.7210229688 0.017491314126
13.7382379436 0.0169589474771
16.1026202488 0.0163668749535
18.8739181794 0.0158199299646
22.1221629107 0.0151103885875
25.9294379596 0.0141356384743
30.3919537893 0.0136193119779
35.6224788432 0.0130157327234
41.7531892728 0.0124378604393
48.9390091848 0.0120452025132
57.3615250726 0.0114120925349
67.2335752903 0.0109868080958
78.8046280253 0.0105478106816
92.3670855134 0.0100697957207
108.263673387 0.00966154849486
126.896100246 0.00922787586808
148.735210564 0.00882417140348
174.332881929 0.00847886396551
204.335971331 0.00811778552352
239.502661999 0.0077469743257
280.721620238 0.007424883534
329.034455866 0.00710682961379
385.662041473 0.00680635097982
452.035364631 0.00652491011605
529.831690628 0.00624941188339
621.016941546 0.00598422913289
727.895383589 0.00573135369765
853.167850995 0.00549509364315
999.999997777 0.0052597415286
