10 0.00513332174855
11.7210229688 0.00480427008008
13.7382379436 0.00453343077121
16.1026202488 0.00422674353996
18.8739181794 0.00397188728711
22.1221629107 0.00370942361012
25.9294379596 0.00344372024513
30.3919537893 0.00321838863055
35.6224788432 0.0030159882625
41.7531892728 0.00281591472033
48.9390091848 0.00263614513267
57.3615250726 0.00245813778722
67.2335752903 0.00230003318155
78.8046280253 0.00214988568282
92.3670855134 0.00200820483446
108.263673387 0.00187689794407
126.896100246 0.00175344151022
148.735210564 0.00163842168729
174.332881929 0.00153141878655
204.335971331 0.00143108606416
239.502661999 0.00133649150378
280.721620238 0.00124933078069
329.034455866 0.00116722174084
385.662041473 0.00109089080984
452.035364631 0.00101964002217
529.831690628 0.000952858657913
621.016941546 0.000890582417862
727.895383589 0.000832475896791
853.167850995 0.000778373920351
999.999997777 0.000727758100008
1172.10229742 0.000680648976274
1373.82379499 0.00063676128563
1610.26202562 0.000596005687846
1887.39181881 0.000558156667088
2212.21628594 0.000523168699449
2592.94379712 0.000490968351673
3039.19538029 0.000461480491862
3562.24788591 0.000434740813254
4175.31892913 0.000410842211659
4893.90090705 0.000389961487507
5736.15251104 0.000372472032627
6723.35753346 0.000358979533636
7880.46280772 0.000350579259354
9236.70855743 0.000349322020256
10826.3673158 0.000359508693735
12689.6100328 0.000392071150193
14873.521066 0.00048847927943
17433.2882041 0.00230340081728
20433.5971463 0.000467848491378
23950.2661487 0.000362073179893
28072.1620414 0.000356961021821
32903.4456072 0.000534640075854
38566.2041715 0.000434601094824
45203.5364915 0.000353906606206
52983.1689488 0.000991635692558
62101.6941926 0.000350505722637
72789.5384034 0.000477124067935
85316.7851516 0.000525875623079
99999.9998388 0.000387373149527
117210.229499 0.000380915519505
