10 0.00825668404143
11.7210229688 0.00778052922555
13.7382379436 0.00743421617342
16.1026202488 0.00701816820206
18.8739181794 0.00667602538554
22.1221629107 0.00629042579563
25.9294379596 0.00586265118747
30.3919537893 0.00554452656788
35.6224788432 0.00524181503083
41.7531892728 0.00493961195047
48.9390091848 0.00468365385428
57.3615250726 0.00439885926225
67.2335752903 0.00416328840141
78.8046280253 0.00393087176151
92.3670855134 0.00370613073529
108.263673387 0.00349939888297
126.896100246 0.00329894414954
148.735210564 0.00311126566608
174.332881929 0.00293905757843
204.335971331 0.00277290366133
239.502661999 0.00261285806177
280.721620238 0.00246682852797
329.034455866 0.00232683715993
385.662041473 0.00219587100747
452.035364631 0.00207299872436
529.831690628 0.00195598297331
621.016941546 0.00184582798989
727.895383589 0.00174209769521
853.167850995 0.00164492671957
999.999997777 0.00155254547986
