10 0.00615741147953
11.7210229688 0.0057789205484
13.7382379436 0.00548094089774
16.1026202488 0.00513362756599
18.8739181794 0.00484757517796
22.1221629107 0.00454279279739
25.9294379596 0.00422458716716
30.3919537893 0.00396618347076
35.6224788432 0.00373001795335
41.7531892728 0.00349514504171
48.9390091848 0.00328782117189
57.3615250726 0.00307483346843
67.2335752903 0.00288985195771
78.8046280253 0.00271157951663
92.3670855134 0.00254227853314
108.263673387 0.00238544048005
126.896100246 0.00223648645419
148.735210564 0.00209737043446
174.332881929 0.00196838450061
204.335971331 0.0018462779251
239.502661999 0.00173034233076
280.721620238 0.00162375131866
329.034455866 0.00152269105558
385.662041473 0.0014284990137
452.035364631 0.00134036699961
529.831690628 0.00125727687941
621.016941546 0.00117952132695
727.895383589 0.00110670753228
853.167850995 0.00103872211847
999.999997777 0.000974769013824
