10 0.00441051790099
11.7210229688 0.00411740437674
13.7382379436 0.00386789099652
16.1026202488 0.00359327063331
18.8739181794 0.00336252006618
22.1221629107 0.0031312970833
25.9294379596 0.00290219151139
30.3919537893 0.00270206531376
35.6224788432 0.002524224814
41.7531892728 0.00234959134144
48.9390091848 0.00219096500126
57.3615250726 0.00203764073919
67.2335752903 0.00189949421518
78.8046280253 0.00176985871604
92.3670855134 0.00164792644146
108.263673387 0.00153508701042
126.896100246 0.00142973701234
148.735210564 0.00133183004565
174.332881929 0.0012406295213
204.335971331 0.00115569897972
239.502661999 0.00107602249905
280.721620238 0.00100256995646
329.034455866 0.000933722181226
385.662041473 0.000869870136306
452.035364631 0.000810405892644
529.831690628 0.000754929580514
621.016941546 0.000703344927281
727.895383589 0.000655364313563
853.167850995 0.000610809645078
999.999997777 0.000569295890928
