10.000000 0.004624 
11.721023 0.004320 
13.738238 0.004064 
16.102620 0.003780 
18.873918 0.003542 
22.122163 0.003301 
25.929438 0.003061 
30.391954 0.002854 
35.622479 0.002669 
41.753189 0.002486 
48.939009 0.002321 
57.361525 0.002161 
67.233575 0.002016 
78.804628 0.001881 
92.367086 0.001753 
108.263673 0.001635 
126.896100 0.001524 
148.735211 0.001421 
174.332882 0.001325 
204.335971 0.001236 
239.502662 0.001151 
280.721620 0.001074 
329.034456 0.001001 
385.662041 0.000934 
452.035365 0.000871 
529.831691 0.000812 
621.016942 0.000757 
727.895384 0.000706 
853.167851 0.000659 
999.999998 0.000615 
1172.102297 0.000574 
1373.823795 0.000536 
1610.262026 0.000500 
1887.391819 0.000467 
2212.216286 0.000437 
2592.943797 0.000409 
3039.195380 0.000384 
3562.247886 0.000361 
4175.318929 0.000341 
4893.900907 0.000323 
5736.152511 0.000308 
6723.357533 0.000296 
7880.462808 0.000289 
9236.708557 0.000288 
10826.367316 0.000297 
12689.610033 0.000325 
14873.521066 0.000407 
17433.288204 0.002020 
20433.597146 0.000390 
23950.266149 0.000299 
28072.162041 0.000295 
32903.445607 0.000447 
38566.204172 0.000361 
45203.536491 0.000292 
52983.168949 0.000846 
62101.694193 0.000289 
72789.538403 0.000398 
85316.785152 0.000440 
99999.999839 0.000321 
117210.229499 0.000315 
