10 0.0131001345904
11.7210229688 0.0124089277287
13.7382379436 0.0119688856462
16.1026202488 0.0114456184415
18.8739181794 0.0109972213927
22.1221629107 0.0104467746889
25.9294379596 0.00976007471417
30.3919537893 0.00933352360063
35.6224788432 0.00888473781116
41.7531892728 0.00844292171909
48.9390091848 0.00810583528716
57.3615250726 0.00765492503544
67.2335752903 0.00732009991168
78.8046280253 0.00697922990845
92.3670855134 0.00663124981157
108.263673387 0.00632116802304
126.896100246 0.00600635096694
148.735210564 0.00571184004899
174.332881929 0.00545012271198
204.335971331 0.00518710040149
239.502661999 0.00492547638985
280.721620238 0.00469225179544
329.034455866 0.00446464909159
385.662041473 0.0042505596898
452.035364631 0.00404953318235
529.831690628 0.00385492362926
621.016941546 0.00366964685935
727.895383589 0.00349380874011
853.167850995 0.00332892800217
999.999997777 0.00316851685896
1172.10229742 0.00301934019326
1373.82379499 0.00287554015146
1610.26202562 0.00274160064766
1887.39181881 0.00261306619564
2212.21628594 0.0024932835205
2592.94379712 0.00238079784615
3039.19538029 0.00227617569189
3562.24788591 0.00217952259468
4175.31892913 0.00209192610945
4893.90090705 0.00201378928264
5736.15251104 0.00194786895543
6723.35753346 0.00189640059544
7880.46280772 0.00186405853684
9236.70855743 0.00185915273102
10826.3673158 0.00189839306552
12689.6100328 0.00202177093377
14873.521066 0.00237211408659
17433.2882041 0.00732240806882
20433.5971463 0.00229878006851
23950.2661487 0.00190777978244
28072.1620414 0.00188833109499
32903.4456072 0.00253257740971
38566.2041715 0.00217936731124
45203.5364915 0.00187693097744
52983.1689488 0.00395474665398
62101.6941926 0.0018633120389
72789.5384034 0.00233229878405
85316.7851516 0.00250276951639
99999.9998388 0.00200449498603
117210.229499 0.00197931489034
