10 0.923125083786
11.7210229688 0.919418517749
13.7382379436 0.916908222269
16.1026202488 0.917865869072
18.8739181794 0.915760823522
22.1221629107 0.913793332681
25.9294379596 0.908574486168
30.3919537893 0.90790549546
35.6224788432 0.904222669401
41.7531892728 0.902155383399
48.9390091848 0.902464451666
57.3615250726 0.898311651242
67.2335752903 0.896673808888
78.8046280253 0.895891321992
92.3670855134 0.8925826937
108.263673387 0.891123672057
126.896100246 0.888450292886
148.735210564 0.886176356065
174.332881929 0.885143770404
204.335971331 0.883270144486
239.502661999 0.880412416834
280.721620238 0.878329344882
329.034455866 0.876480261175
385.662041473 0.874436655401
452.035364631 0.872587216331
529.831690628 0.870977409114
621.016941546 0.8689300805
727.895383589 0.866924082165
853.167850995 0.865302931065
999.999997777 0.862904069448
