10 0.00337650691613
11.7210229688 0.00313692858521
13.7382379436 0.00292241983975
16.1026202488 0.00269926619394
18.8739181794 0.00250692802536
22.1221629107 0.00232267406566
25.9294379596 0.00214520687293
30.3919537893 0.00198421079267
35.6224788432 0.0018429026634
41.7531892728 0.00170604880731
48.9390091848 0.00158027524548
57.3615250726 0.00146229709347
67.2335752903 0.00135424385124
78.8046280253 0.00125482449027
92.3670855134 0.00116153174571
108.263673387 0.00107567522423
126.896100246 0.000996307650434
148.735210564 0.000922925975136
174.332881929 0.000854600225626
204.335971331 0.000791609514708
239.502661999 0.000732940124155
280.721620238 0.000678939753518
329.034455866 0.000628732583554
385.662041473 0.000582384195833
452.035364631 0.000539423404942
529.831690628 0.000499646086689
621.016941546 0.000462850010603
727.895383589 0.00042881825873
853.167850995 0.000397382712398
999.999997777 0.000368281524318
