10 0.0451942273724
11.7210229688 0.0431799180517
13.7382379436 0.0422053453168
16.1026202488 0.0415331939036
18.8739181794 0.0405631483143
22.1221629107 0.0391855538996
25.9294379596 0.0367674656353
30.3919537893 0.0359687751811
35.6224788432 0.0346071622955
41.7531892728 0.0334574080786
48.9390091848 0.0329954405264
57.3615250726 0.0314553135356
67.2335752903 0.030687522925
78.8046280253 0.0299148704027
92.3670855134 0.028816542611
108.263673387 0.0280334294778
126.896100246 0.0270604171819
148.735210564 0.0261806589728
174.332881929 0.025541276045
204.335971331 0.0247695403798
239.502661999 0.0238838115284
280.721620238 0.0231826023524
329.034455866 0.0224799103749
385.662041473 0.0218049216107
452.035364631 0.0211847188768
529.831690628 0.0205686559253
621.016941546 0.0199485694026
727.895383589 0.0193530067812
853.167850995 0.0188136845107
999.999997777 0.0182241253069
