10.000000 0.013100 
11.721023 0.012409 
13.738238 0.011969 
16.102620 0.011446 
18.873918 0.010997 
22.122163 0.010447 
25.929438 0.009760 
30.391954 0.009334 
35.622479 0.008885 
41.753189 0.008443 
48.939009 0.008106 
57.361525 0.007655 
67.233575 0.007320 
78.804628 0.006979 
92.367086 0.006631 
108.263673 0.006321 
126.896100 0.006006 
148.735211 0.005712 
174.332882 0.005450 
204.335971 0.005187 
239.502662 0.004925 
280.721620 0.004692 
329.034456 0.004465 
385.662041 0.004251 
452.035365 0.004050 
529.831691 0.003855 
621.016942 0.003670 
727.895384 0.003494 
853.167851 0.003329 
999.999998 0.003169 
1172.102297 0.003019 
1373.823795 0.002876 
1610.262026 0.002742 
1887.391819 0.002613 
2212.216286 0.002493 
2592.943797 0.002381 
3039.195380 0.002276 
3562.247886 0.002180 
4175.318929 0.002092 
4893.900907 0.002014 
5736.152511 0.001948 
6723.357533 0.001896 
7880.462808 0.001864 
9236.708557 0.001859 
10826.367316 0.001898 
12689.610033 0.002022 
14873.521066 0.002372 
17433.288204 0.007322 
20433.597146 0.002299 
23950.266149 0.001908 
28072.162041 0.001888 
32903.445607 0.002533 
38566.204172 0.002179 
45203.536491 0.001877 
52983.168949 0.003955 
62101.694193 0.001863 
72789.538403 0.002332 
85316.785152 0.002503 
99999.999839 0.002004 
117210.229499 0.001979 
