10 0.0145850295387
11.7210229688 0.0138295615136
13.7382379436 0.0133630926424
16.1026202488 0.0128167094901
18.8739181794 0.0123394763368
22.1221629107 0.0117427623031
25.9294379596 0.0109757474263
30.3919537893 0.0105217209471
35.6224788432 0.010029284149
41.7531892728 0.00954797269602
48.9390091848 0.00919252841774
57.3615250726 0.00869064513199
67.2335752903 0.00832898936981
78.8046280253 0.007958791763
92.3670855134 0.00757401485159
108.263673387 0.00723509522827
126.896100246 0.00688641349866
148.735210564 0.00656059471268
174.332881929 0.00627411728393
204.335971331 0.00598285059978
239.502661999 0.00569042117702
280.721620238 0.00543166242184
329.034455866 0.00517814541709
385.662041473 0.00493936785896
452.035364631 0.0047152690947
529.831690628 0.0044975252279
621.016941546 0.00428956583864
727.895383589 0.00409188328341
853.167850995 0.0039066486695
999.999997777 0.00372520842275
