10.000000 0.003209 
11.721023 0.002979 
13.738238 0.002771 
16.102620 0.002556 
18.873918 0.002371 
22.122163 0.002194 
25.929438 0.002025 
30.391954 0.001871 
35.622479 0.001736 
41.753189 0.001605 
48.939009 0.001485 
57.361525 0.001373 
67.233575 0.001270 
78.804628 0.001175 
92.367086 0.001087 
108.263673 0.001005 
126.896100 0.000930 
148.735211 0.000861 
174.332882 0.000796 
204.335971 0.000736 
239.502662 0.000681 
280.721620 0.000630 
329.034456 0.000583 
385.662041 0.000539 
452.035365 0.000499 
529.831691 0.000462 
621.016942 0.000427 
727.895384 0.000395 
853.167851 0.000366 
999.999998 0.000339 
1172.102297 0.000314 
1373.823795 0.000291 
1610.262026 0.000269 
1887.391819 0.000250 
2212.216286 0.000232 
2592.943797 0.000216 
3039.195380 0.000201 
3562.247886 0.000188 
4175.318929 0.000176 
4893.900907 0.000166 
5736.152511 0.000157 
6723.357533 0.000151 
7880.462808 0.000146 
9236.708557 0.000146 
10826.367316 0.000151 
12689.610033 0.000167 
14873.521066 0.000214 
17433.288204 0.001273 
20433.597146 0.000204 
23950.266149 0.000152 
28072.162041 0.000150 
32903.445607 0.000238 
38566.204172 0.000187 
45203.536491 0.000148 
52983.168949 0.000484 
62101.694193 0.000146 
72789.538403 0.000209 
85316.785152 0.000233 
99999.999839 0.000164 
117210.229499 0.000161 
