10 0.00317409816299
11.7210229688 0.00294538369661
13.7382379436 0.00273854160476
16.1026202488 0.00252630386408
18.8739181794 0.00234214802758
22.1221629107 0.00216743701657
25.9294379596 0.00199998080524
30.3919537893 0.00184711053931
35.6224788432 0.00171319268221
41.7531892728 0.00158393755656
48.9390091848 0.00146496544219
57.3615250726 0.00135391933278
67.2335752903 0.00125197880577
78.8046280253 0.00115858022174
92.3670855134 0.00107094801548
108.263673387 0.000990437427914
126.896100246 0.000916155128786
148.735210564 0.000847564632095
174.332881929 0.000783732153011
204.335971331 0.000725003169724
239.502661999 0.000670382522936
280.721620238 0.000620146794663
329.034455866 0.000573520633217
385.662041473 0.000530528161426
452.035364631 0.000490725092653
529.831690628 0.000453932241757
621.016941546 0.000419938729826
727.895383589 0.000388541060075
853.167850995 0.000359576343863
999.999997777 0.000332800156145
