10 0.00979430488451
11.7210229688 0.00924870759972
13.7382379436 0.00887081251868
16.1026202488 0.00841425988448
18.8739181794 0.00803571707538
22.1221629107 0.0075950112262
25.9294379596 0.0070857422499
30.3919537893 0.00672943743809
35.6224788432 0.00637952040146
41.7531892728 0.00603090799056
48.9390091848 0.00574506915573
57.3615250726 0.00540758879362
67.2335752903 0.00513821135616
78.8046280253 0.0048690241139
92.3670855134 0.00460453785228
108.263673387 0.00436330917672
126.896100246 0.00412587120772
148.735210564 0.00390347064024
174.332881929 0.00370131449269
204.335971331 0.00350362919016
239.502661999 0.0033112141816
280.721620238 0.00313686697897
329.034455866 0.00296861390289
385.662041473 0.00281088940631
452.035364631 0.00266278849476
529.831690628 0.00252088666701
621.016941546 0.00238679522541
727.895383589 0.00226013983443
853.167850995 0.00214136937143
999.999997777 0.00202760490576
