10 0.292164138811
11.7210229688 0.282573313212
13.7382379436 0.277873014607
16.1026202488 0.278355989563
18.8739181794 0.274202708193
22.1221629107 0.268826199716
25.9294379596 0.256175494394
30.3919537893 0.254216281106
35.6224788432 0.247015506163
41.7531892728 0.24227620088
48.9390091848 0.242505476614
57.3615250726 0.234143708191
67.2335752903 0.231242161548
78.8046280253 0.229098427643
92.3670855134 0.223262496439
108.263673387 0.220396236223
126.896100246 0.21561212483
148.735210564 0.211550603478
174.332881929 0.209580658154
204.335971331 0.206269212064
239.502661999 0.201591060811
280.721620238 0.198375411793
329.034455866 0.195297036224
385.662041473 0.192167292865
452.035364631 0.189425536922
529.831690628 0.186836118836
621.016941546 0.183865489266
727.895383589 0.181013549314
853.167850995 0.178696144594
999.999997777 0.17551642131
1172.10229742 0.173431420119
1373.82379499 0.170522606845
1610.26202562 0.168511941283
1887.39181881 0.165814893586
2212.21628594 0.163725052304
2592.94379712 0.161438036935
3039.19538029 0.159429861217
3562.24788591 0.157454895333
4175.31892913 0.155759576941
4893.90090705 0.153905489134
5736.15251104 0.152497337402
6723.35753346 0.15144544205
7880.46280772 0.150650632853
9236.70855743 0.150537789785
10826.3673158 0.151370852931
12689.6100328 0.153943771634
14873.521066 0.161007567547
17433.2882041 0.230115689301
20433.5971463 0.151930267334
23950.2661487 0.144751689628
28072.1620414 0.14418631881
32903.4456072 0.154918481119
38566.2041715 0.138274744608
45203.5364915 0.133678243505
52983.1689488 0.14096230121
62101.6941926 0.123916935696
72789.5384034 0.121269130584
85316.7851516 0.121831504817
99999.9998388 0.114084565021
117210.229499 0.113054549858
