10.000000 0.003125 
11.721023 0.002899 
13.738238 0.002694 
16.102620 0.002484 
18.873918 0.002302 
22.122163 0.002130 
25.929438 0.001965 
30.391954 0.001814 
35.622479 0.001682 
41.753189 0.001554 
48.939009 0.001437 
57.361525 0.001328 
67.233575 0.001227 
78.804628 0.001135 
92.367086 0.001049 
108.263673 0.000970 
126.896100 0.000897 
148.735211 0.000829 
174.332882 0.000767 
204.335971 0.000709 
239.502662 0.000655 
280.721620 0.000606 
329.034456 0.000560 
385.662041 0.000518 
452.035365 0.000479 
529.831691 0.000443 
621.016942 0.000410 
727.895384 0.000379 
853.167851 0.000351 
999.999998 0.000324 
1172.102297 0.000300 
1373.823795 0.000278 
1610.262026 0.000257 
1887.391819 0.000239 
2212.216286 0.000221 
2592.943797 0.000206 
3039.195380 0.000191 
3562.247886 0.000179 
4175.318929 0.000167 
4893.900907 0.000158 
5736.152511 0.000149 
6723.357533 0.000143 
7880.462808 0.000139 
9236.708557 0.000139 
10826.367316 0.000143 
12689.610033 0.000159 
14873.521066 0.000204 
17433.288204 0.001230 
20433.597146 0.000195 
23950.266149 0.000145 
28072.162041 0.000142 
32903.445607 0.000227 
38566.204172 0.000179 
45203.536491 0.000141 
52983.168949 0.000464 
62101.694193 0.000139 
72789.538403 0.000199 
85316.785152 0.000223 
99999.999839 0.000156 
117210.229499 0.000153 
