10 0.00325458680624
11.7210229688 0.00302153438335
13.7382379436 0.00281160586323
16.1026202488 0.0025949928153
18.8739181794 0.00240755376767
22.1221629107 0.0022290333644
25.9294379596 0.00205759982383
30.3919537893 0.0019014789603
35.6224788432 0.00176461163835
41.7531892728 0.00163232658197
48.9390091848 0.00151063517036
57.3615250726 0.0013968317249
67.2335752903 0.00129245159872
78.8046280253 0.00119665514217
92.3670855134 0.00110676989021
108.263673387 0.00102413140759
126.896100246 0.000947827329006
148.735210564 0.000877332460938
174.332881929 0.000811713262313
204.335971331 0.000751291477109
239.502661999 0.000695063836204
280.721620238 0.000643333413927
329.034455866 0.000595286563973
385.662041473 0.000550963018769
452.035364631 0.000509907810936
529.831690628 0.000471932314395
621.016941546 0.000436828620394
727.895383589 0.000404387921341
853.167850995 0.000374445136503
999.999997777 0.000346749108596
