10 0.0850507700747
11.7210229688 0.081508610689
13.7382379436 0.0798821786676
16.1026202488 0.0793046949057
18.8739181794 0.0777543767832
22.1221629107 0.0755289647969
25.9294379596 0.0710668112585
30.3919537893 0.0699941930811
35.6224788432 0.0675424988272
41.7531892728 0.0656653243044
48.9390091848 0.0652768897835
57.3615250726 0.0624399413159
67.2335752903 0.0612624970265
78.8046280253 0.0601632560194
92.3670855134 0.0581902593498
108.263673387 0.0569793120275
126.896100246 0.0552839096389
148.735210564 0.0537911887835
174.332881929 0.0528578398082
204.335971331 0.0515843215843
239.502661999 0.0499943958457
280.721620238 0.0488168806428
329.034455866 0.0476454753389
385.662041473 0.0465012890535
452.035364631 0.0454708172699
529.831690628 0.044454952978
621.016941546 0.0433871457998
727.895383589 0.0423610682892
853.167850995 0.0414662721979
999.999997777 0.0404030106501
1172.10229742 0.0395741711822
1373.82379499 0.0385989163069
1610.26202562 0.0378135762912
1887.39181881 0.036910047901
2212.21628594 0.0361381009014
2592.94379712 0.0353530573962
3039.19538029 0.0346348682449
3562.24788591 0.0339439769588
4175.31892913 0.0333273447177
4893.90090705 0.0327161398832
5736.15251104 0.0322252223537
6723.35753346 0.0318451360527
7880.46280772 0.0315871511291
9236.70855743 0.0315501469827
10826.3673158 0.0318513495691
12689.6100328 0.0327743901157
14873.521066 0.0352861462986
17433.2882041 0.0611766913647
20433.5971463 0.0338281267124
23950.2661487 0.0311753576722
28072.1620414 0.0310352240239
32903.4456072 0.0352437203021
38566.2041715 0.0320958566314
45203.5364915 0.0301904931745
52983.1689488 0.0402665758745
62101.6941926 0.0299902105225
72789.5384034 0.0337567464787
85316.7851516 0.034737389831
99999.9998388 0.0325211086345
117210.229499 0.0325677746459
