10 0.0118307034598
11.7210229688 0.0111949348388
13.7382379436 0.0107780905073
16.1026202488 0.010277655555
18.8739181794 0.0098550086321
22.1221629107 0.00934548598275
25.9294379596 0.00872719252382
30.3919537893 0.00832597245278
35.6224788432 0.00791482638838
41.7531892728 0.00750786133876
48.9390091848 0.00718860182565
57.3615250726 0.00678126384458
67.2335752903 0.00647054658969
78.8046280253 0.00615609586587
92.3670855134 0.00583989744109
108.263673387 0.00555545241069
126.896100246 0.00527001348981
148.735210564 0.00500278859012
174.332881929 0.00476319015827
204.335971331 0.00452485263635
239.502661999 0.00428971472327
280.721620238 0.00407876551247
329.034455866 0.00387369372816
385.662041473 0.00368103041123
452.035364631 0.00350008367876
529.831690628 0.00332553844246
621.016941546 0.00315982621554
727.895383589 0.00300280813198
853.167850995 0.00285552869859
999.999997777 0.00271308541465
