10 0.0070760288279
11.7210229688 0.00665429944826
13.7382379436 0.0063342081949
16.1026202488 0.0059546430112
18.8739181794 0.00564294359241
22.1221629107 0.0053019033474
25.9294379596 0.00493603683854
30.3919537893 0.0046502838278
35.6224788432 0.00438463004789
41.7531892728 0.00411967576064
48.9390091848 0.00388985179503
57.3615250726 0.00364546097915
67.2335752903 0.00343764782406
78.8046280253 0.00323510528149
92.3670855134 0.00304136149946
108.263673387 0.00286228472012
126.896100246 0.00269065736912
148.735210564 0.00253013737877
174.332881929 0.00238191522074
204.335971331 0.00224041223639
239.502661999 0.0021052097856
280.721620238 0.0019812709051
329.034455866 0.00186315577841
385.662041473 0.00175286649281
452.035364631 0.001649521164
529.831690628 0.00155162946886
621.016941546 0.00145977095098
727.895383589 0.00137351879559
853.167850995 0.0012928434552
999.999997777 0.00121659499426
