10.000000 0.010739 
11.721023 0.010151 
13.738238 0.009755 
16.102620 0.009277 
18.873918 0.008877 
22.122163 0.008404 
25.929438 0.007844 
30.391954 0.007467 
35.622479 0.007088 
41.753189 0.006712 
48.939009 0.006410 
57.361525 0.006040 
67.233575 0.005751 
78.804628 0.005460 
92.367086 0.005172 
108.263673 0.004910 
126.896100 0.004650 
148.735211 0.004407 
174.332882 0.004187 
204.335971 0.003970 
239.502662 0.003758 
280.721620 0.003567 
329.034456 0.003381 
385.662041 0.003207 
452.035365 0.003044 
529.831691 0.002887 
621.016942 0.002738 
727.895384 0.002597 
853.167851 0.002465 
999.999998 0.002338 
1172.102297 0.002220 
1373.823795 0.002106 
1610.262026 0.002001 
1887.391819 0.001900 
2212.216286 0.001807 
2592.943797 0.001719 
3039.195380 0.001638 
3562.247886 0.001563 
4175.318929 0.001496 
4893.900907 0.001436 
5736.152511 0.001385 
6723.357533 0.001346 
7880.462808 0.001321 
9236.708557 0.001318 
10826.367316 0.001348 
12689.610033 0.001442 
14873.521066 0.001712 
17433.288204 0.005754 
20433.597146 0.001656 
23950.266149 0.001355 
28072.162041 0.001340 
32903.445607 0.001838 
38566.204172 0.001563 
45203.536491 0.001331 
52983.168949 0.002971 
62101.694193 0.001321 
72789.538403 0.001681 
85316.785152 0.001814 
99999.999839 0.001429 
117210.229499 0.001410 
