10.000000 0.054756 
11.721023 0.052365 
13.738238 0.051234 
16.102620 0.050573 
18.873918 0.049461 
22.122163 0.047870 
25.929438 0.044949 
30.391954 0.044076 
35.622479 0.042449 
41.753189 0.041116 
48.939009 0.040663 
57.361525 0.038806 
67.233575 0.037934 
78.804628 0.037073 
92.367086 0.035761 
108.263673 0.034867 
126.896100 0.033715 
148.735211 0.032682 
174.332882 0.031963 
204.335971 0.031064 
239.502662 0.030004 
280.721620 0.029183 
329.034456 0.028360 
385.662041 0.027567 
452.035365 0.026842 
529.831691 0.026122 
621.016942 0.025389 
727.895384 0.024684 
853.167851 0.024053 
999.999998 0.023345 
1172.102297 0.022758 
1373.823795 0.022109 
1610.262026 0.021557 
1887.391819 0.020957 
2212.216286 0.020427 
2592.943797 0.019901 
3039.195380 0.019414 
3562.247886 0.018950 
4175.318929 0.018531 
4893.900907 0.018131 
5736.152511 0.017802 
6723.357533 0.017545 
7880.462808 0.017376 
9236.708557 0.017351 
10826.367316 0.017552 
12689.610033 0.018171 
14873.521066 0.019860 
17433.288204 0.037911 
20433.597146 0.019204 
23950.266149 0.017367 
28072.162041 0.017274 
32903.445607 0.020218 
38566.204172 0.018464 
45203.536491 0.017070 
52983.168949 0.025506 
62101.694193 0.017132 
72789.538403 0.019714 
85316.785152 0.020470 
99999.999839 0.018085 
117210.229499 0.017712 
