10.000000 0.004220 
11.721023 0.003937 
13.738238 0.003693 
16.102620 0.003427 
18.873918 0.003203 
22.122163 0.002981 
25.929438 0.002761 
30.391954 0.002568 
35.622479 0.002397 
41.753189 0.002229 
48.939009 0.002076 
57.361525 0.001929 
67.233575 0.001796 
78.804628 0.001672 
92.367086 0.001556 
108.263673 0.001448 
126.896100 0.001347 
148.735211 0.001254 
174.332882 0.001167 
204.335971 0.001086 
239.502662 0.001010 
280.721620 0.000940 
329.034456 0.000875 
385.662041 0.000814 
452.035365 0.000758 
529.831691 0.000705 
621.016942 0.000657 
727.895384 0.000611 
853.167851 0.000569 
999.999998 0.000530 
1172.102297 0.000494 
1373.823795 0.000460 
1610.262026 0.000429 
1887.391819 0.000400 
2212.216286 0.000373 
2592.943797 0.000349 
3039.195380 0.000327 
3562.247886 0.000307 
4175.318929 0.000289 
4893.900907 0.000273 
5736.152511 0.000260 
6723.357533 0.000250 
7880.462808 0.000244 
9236.708557 0.000243 
10826.367316 0.000251 
12689.610033 0.000275 
14873.521066 0.000347 
17433.288204 0.001800 
20433.597146 0.000332 
23950.266149 0.000253 
28072.162041 0.000249 
32903.445607 0.000382 
38566.204172 0.000307 
45203.536491 0.000247 
52983.168949 0.000736 
62101.694193 0.000244 
72789.538403 0.000339 
85316.785152 0.000375 
99999.999839 0.000271 
117210.229499 0.000267 
