10 0.00762851991398
11.7210229688 0.007181181349
13.7382379436 0.00684855780327
16.1026202488 0.006451275032
18.8739181794 0.00612501572074
22.1221629107 0.00576285688852
25.9294379596 0.00536810322643
30.3919537893 0.0050668386253
35.6224788432 0.00478373991567
41.7531892728 0.00450116706444
48.9390091848 0.00425874263452
57.3615250726 0.00399545075284
67.2335752903 0.0037744378825
78.8046280253 0.00355773319691
92.3670855134 0.00334942848131
108.263673387 0.00315728141309
126.896100246 0.00297211871946
148.735210564 0.00279883808347
174.332881929 0.00263928578465
204.335971331 0.00248620393839
239.502661999 0.0023393825349
280.721620238 0.0022050729772
329.034455866 0.0020767084469
385.662041473 0.00195673561641
452.035364631 0.0018442425503
529.831690628 0.00173740830028
621.016941546 0.00163700473448
727.895383589 0.0015425952868
853.167850995 0.00145421910737
999.999997777 0.00137046038367
1172.10229742 0.00129220180016
1373.82379499 0.00121846097792
1610.26202562 0.00114965803531
1887.39181881 0.00108504749362
2212.21628594 0.00102497749854
2592.94379712 0.000969247091632
3039.19538029 0.000917835785704
3562.24788591 0.000870853058749
4175.31892913 0.000828582085621
4893.90090705 0.000791367034806
5736.15251104 0.000760054659954
6723.35753346 0.000735769396316
7880.46280772 0.000720597154895
9236.70855743 0.000718314922936
10826.3673158 0.000736721490589
12689.6100328 0.000795142160143
14873.521066 0.000964928950007
17433.2882041 0.0037775732238
20433.5971463 0.000929036548749
23950.2661487 0.000741325659647
28072.1620414 0.00073211724298
32903.4456072 0.00104478981756
38566.2041715 0.000870603968513
45203.5364915 0.000726597694396
52983.1689488 0.00179778332105
62101.6941926 0.000720476393305
72789.5384034 0.000945116774269
85316.7851516 0.00102968179833
99999.9998388 0.00078681550701
117210.229499 0.000775135000897
