10.000000 0.146419 
11.721023 0.140746 
13.738238 0.138138 
16.102620 0.137823 
18.873918 0.135425 
22.122163 0.132063 
25.929438 0.124736 
30.391954 0.123334 
35.622479 0.119302 
41.753189 0.116431 
48.939009 0.116226 
57.361525 0.111529 
67.233575 0.109785 
78.804628 0.108299 
92.367086 0.105058 
108.263673 0.103283 
126.896100 0.100565 
148.735211 0.098219 
174.332882 0.096926 
204.335971 0.094972 
239.502662 0.092374 
280.721620 0.090534 
329.034456 0.088730 
385.662041 0.086938 
452.035365 0.085350 
529.831691 0.083809 
621.016942 0.082123 
727.895384 0.080505 
853.167851 0.079143 
999.999998 0.077406 
1172.102297 0.076158 
1373.823795 0.074568 
1610.262026 0.073377 
1887.391819 0.071904 
2212.216286 0.070701 
2592.943797 0.069438 
3039.195380 0.068303 
3562.247886 0.067199 
4175.318929 0.066231 
4893.900907 0.065227 
5736.152511 0.064443 
6723.357533 0.063844 
7880.462808 0.063420 
9236.708557 0.063360 
10826.367316 0.063839 
12689.610033 0.065303 
14873.521066 0.069296 
17433.288204 0.109476 
20433.597146 0.065730 
23950.266149 0.061649 
28072.162041 0.061406 
32903.445607 0.067764 
38566.204172 0.060984 
45203.536491 0.058269 
52983.168949 0.068375 
62101.694193 0.056132 
72789.538403 0.059445 
85316.785152 0.060463 
99999.999839 0.058657 
117210.229499 0.061354 
