10.000000 0.005133 
11.721023 0.004804 
13.738238 0.004533 
16.102620 0.004227 
18.873918 0.003972 
22.122163 0.003709 
25.929438 0.003444 
30.391954 0.003218 
35.622479 0.003016 
41.753189 0.002816 
48.939009 0.002636 
57.361525 0.002458 
67.233575 0.002300 
78.804628 0.002150 
92.367086 0.002008 
108.263673 0.001877 
126.896100 0.001753 
148.735211 0.001638 
174.332882 0.001531 
204.335971 0.001431 
239.502662 0.001336 
280.721620 0.001249 
329.034456 0.001167 
385.662041 0.001091 
452.035365 0.001020 
529.831691 0.000953 
621.016942 0.000891 
727.895384 0.000832 
853.167851 0.000778 
999.999998 0.000728 
1172.102297 0.000681 
1373.823795 0.000637 
1610.262026 0.000596 
1887.391819 0.000558 
2212.216286 0.000523 
2592.943797 0.000491 
3039.195380 0.000461 
3562.247886 0.000435 
4175.318929 0.000411 
4893.900907 0.000390 
5736.152511 0.000372 
6723.357533 0.000359 
7880.462808 0.000351 
9236.708557 0.000349 
10826.367316 0.000360 
12689.610033 0.000392 
14873.521066 0.000488 
17433.288204 0.002303 
20433.597146 0.000468 
23950.266149 0.000362 
28072.162041 0.000357 
32903.445607 0.000535 
38566.204172 0.000435 
45203.536491 0.000354 
52983.168949 0.000992 
62101.694193 0.000351 
72789.538403 0.000477 
85316.785152 0.000526 
99999.999839 0.000387 
117210.229499 0.000381 
