10 0.0208961421077
11.7210229688 0.0198725581537
13.7382379436 0.0192983314446
16.1026202488 0.0186846474838
18.8739181794 0.0180948403118
22.1221629107 0.0173158001811
25.9294379596 0.0162057788503
30.3919537893 0.0156540063434
35.6224788432 0.0149788742279
41.7531892728 0.0143414441471
48.9390091848 0.0139307433048
57.3615250726 0.0132124766137
67.2335752903 0.0127491593306
78.8046280253 0.0122698088936
92.3670855134 0.0117321588538
108.263673387 0.0112820794371
126.896100246 0.0107946873515
148.735210564 0.0103422470696
174.332881929 0.0099620213441
204.335971331 0.00955763289837
239.502661999 0.00913664858784
280.721620238 0.00877510610942
329.034455866 0.00841675678221
385.662041473 0.00807758908616
452.035364631 0.00776043201107
529.831690628 0.00744885340691
621.016941546 0.00714748107588
727.895383589 0.00685966086254
853.167850995 0.00659141193593
999.999997777 0.00632138868747
1172.10229742 0.00607493407833
1373.82379499 0.00582994707171
1610.26202562 0.00560489184299
1887.39181881 0.00538266677834
2212.21628594 0.00517686512095
2592.94379712 0.0049810276078
3039.19538029 0.00479818469985
3562.24788591 0.00462759697586
4175.31892913 0.00447248004421
4893.90090705 0.00433185631136
5736.15251104 0.00421355531725
6723.35753346 0.0041208148646
7880.46280772 0.00406205389141
9236.70855743 0.00405310602057
10826.3673158 0.00412428577602
12689.6100328 0.00434633564516
14873.521066 0.00496609821938
17433.2882041 0.0127503433923
20433.5971463 0.0048306572631
23950.2661487 0.00413638358433
28072.1620414 0.00410165478726
32903.4456072 0.0052352902958
38566.2041715 0.00462561470957
45203.5364915 0.00408408207601
52983.1689488 0.00760258071418
62101.6941926 0.00406067015797
72789.5384034 0.00488956625055
85316.7851516 0.00518302830395
99999.9998388 0.00431277850835
117210.229499 0.00427233457504
