10 0.439182033799
11.7210229688 0.427431623182
13.7382379436 0.421214695317
16.1026202488 0.422510765732
18.8739181794 0.417131784353
22.1221629107 0.410709055387
25.9294379596 0.395004216925
30.3919537893 0.392772937787
35.6224788432 0.383435613323
41.7531892728 0.377566973287
48.9390091848 0.378125834065
57.3615250726 0.367359695416
67.2335752903 0.363612287843
78.8046280253 0.361123439764
92.3670855134 0.353437466274
108.263673387 0.34983341569
126.896100246 0.343588769442
148.735210564 0.338310556062
174.332881929 0.335870832276
204.335971331 0.331588725854
239.502661999 0.325369039385
280.721620238 0.321095449682
329.034455866 0.317076734453
385.662041473 0.312916335961
452.035364631 0.309269875254
529.831690628 0.305892836304
621.016941546 0.30190816876
727.895383589 0.298073637638
853.167850995 0.294996450056
999.999997777 0.290635104752
