10 0.00376613725916
11.7210229688 0.00350603450115
13.7382379436 0.0032775890361
16.1026202488 0.00303421903789
18.8739181794 0.00282678409652
22.1221629107 0.00262449325416
25.9294379596 0.00242766770701
30.3919537893 0.00225147292216
35.6224788432 0.00209617536632
41.7531892728 0.00194488543005
48.9390091848 0.00180636321898
57.3615250726 0.00167505629992
67.2335752903 0.00155544315664
78.8046280253 0.00144452610013
92.3670855134 0.00134038701492
108.263673387 0.00124429344835
126.896100246 0.0011551317301
148.735210564 0.00107251248496
174.332881929 0.000995543723645
204.335971331 0.000924311649867
239.502661999 0.000857783847771
280.721620238 0.000796489152701
329.034455866 0.000739318108004
385.662041473 0.000686436738498
452.035364631 0.000637321917242
529.831690628 0.000591709689549
621.016941546 0.000549425728261
727.895383589 0.00051022668774
853.167850995 0.000473937194303
999.999997777 0.000440256549795
