10 0.0031246552692
11.7210229688 0.00289861774963
13.7382379436 0.00269369730701
16.1026202488 0.00248417009081
18.8739181794 0.00230205094631
22.1221629107 0.0021296896462
25.9294379596 0.00196467436311
30.3919537893 0.00181381371041
35.6224788432 0.00168171487727
41.7531892728 0.00155432644573
48.9390091848 0.00143703434054
57.3615250726 0.00132768257835
67.2335752903 0.0012272464679
78.8046280253 0.00113532319461
92.3670855134 0.00104907636868
108.263673387 0.000969874195389
126.896100246 0.000896833514916
148.735210564 0.000829412196152
174.332881929 0.000766677126814
204.335971331 0.000708986664041
239.502661999 0.000655351116589
280.721620238 0.000606031916091
329.034455866 0.000560276179288
385.662041473 0.000518099010929
452.035364631 0.000479062673249
529.831690628 0.000442993471605
621.016941546 0.000409679019257
727.895383589 0.000378919057424
853.167850995 0.000350552115482
999.999997777 0.000324337784453
1172.10229742 0.000300162376436
1373.82379499 0.000277898002875
1610.26202562 0.000257415854758
1887.39181881 0.000238610021592
2212.21628594 0.000221390675521
2592.94379712 0.000205702441114
3039.19538029 0.000191476420889
3562.24788591 0.000178701283791
4175.31892913 0.000167386755232
4893.90090705 0.000157587232366
5736.15251104 0.000149438317356
6723.35753346 0.000143193896111
7880.46280772 0.000139323299479
9236.70855743 0.000138745835361
10826.3673158 0.000143436108052
12689.6100328 0.000158568801359
14873.521066 0.000204487342178
17433.2882041 0.00123019752176
20433.5971463 0.000194531025751
23950.2661487 0.000144621364578
28072.1620414 0.00014225958405
32903.4456072 0.000227014696734
38566.2041715 0.000178626852857
45203.5364915 0.000140859410677
52983.1689488 0.000464153756377
62101.6941926 0.000139288035182
72789.5384034 0.000198998761236
85316.7851516 0.000222698201371
99999.9998388 0.000156369038443
117210.229499 0.000153361064391
