10 0.109885502284
11.7210229688 0.105448337178
13.7382379436 0.103420196267
16.1026202488 0.102939098417
18.8739181794 0.101039257655
22.1221629107 0.0983322542981
25.9294379596 0.0926685702499
30.3919537893 0.091453528439
35.6224788432 0.0883469855905
41.7531892728 0.0860521727969
48.9390091848 0.0857343518043
57.3615250726 0.0821240841299
67.2335752903 0.0807109231135
78.8046280253 0.0794441669138
92.3670855134 0.0769467042602
108.263673387 0.0754980434038
126.896100246 0.0733776282494
148.735210564 0.0715292095895
174.332881929 0.0704424202982
204.335971331 0.0688839058346
239.502661999 0.0668766419253
280.721620238 0.0654237496923
329.034455866 0.0639872209973
385.662041473 0.0625734254616
452.035364631 0.0613102176634
529.831690628 0.0600732090714
621.016941546 0.0587483820111
727.895383589 0.0574758525557
853.167850995 0.0563844707489
999.999997777 0.0550426792048
