10 0.0321365623742
11.7210229688 0.0306481508201
13.7382379436 0.0298879763814
16.1026202488 0.0292236748441
18.8739181794 0.0284525047874
22.1221629107 0.0273831511259
25.9294379596 0.0256635074479
30.3919537893 0.0249818136531
35.6224788432 0.0239868501415
41.7531892728 0.0231007319201
48.9390091848 0.0226464747525
57.3615250726 0.0215453748134
67.2335752903 0.0209305024075
78.8046280253 0.0202983243533
92.3670855134 0.0194974113957
108.263673387 0.0188803204886
126.896100246 0.0181611811977
148.735210564 0.0175022816464
174.332881929 0.0169878668332
204.335971331 0.0164033853172
239.502661999 0.0157623706842
280.721620238 0.015235413832
329.034455866 0.0147084459173
385.662041473 0.014205969171
452.035364631 0.0137400111158
529.831690628 0.0132782022008
621.016941546 0.0128224734638
727.895383589 0.0123855251667
853.167850995 0.0119836200242
999.999997777 0.0115615825786
