10 0.00345444249577
11.7210229688 0.00321071971475
13.7382379436 0.00299334049151
16.1026202488 0.00276606013876
18.8739181794 0.00257063556948
22.1221629107 0.00238273929749
25.9294379596 0.00220140935793
30.3919537893 0.00203732713753
35.6224788432 0.00189319669732
41.7531892728 0.00175343531151
48.9390091848 0.00162507557152
57.3615250726 0.00150442991763
67.2335752903 0.00139404270625
78.8046280253 0.00129231352349
92.3670855134 0.00119684596053
108.263673387 0.00110893583583
126.896100246 0.00102760950059
148.735210564 0.000952381327538
174.332881929 0.000882325673277
204.335971331 0.000817690077183
239.502661999 0.000757455292279
280.721620238 0.000702000475375
329.034455866 0.000650407378556
385.662041473 0.000602759501363
452.035364631 0.000558575273703
529.831690628 0.00051763987771
621.016941546 0.000479755479738
727.895383589 0.000444699929597
853.167850995 0.000412303351368
999.999997777 0.000382296727027
1172.10229742 0.000354566439778
1373.82379499 0.000328971611991
1610.26202562 0.000305376665079
1887.39181881 0.000283665242906
2212.21628594 0.000263744624276
2592.94379712 0.000245557719924
3039.19538029 0.000229032554441
3562.24788591 0.000214163328087
4175.31892913 0.000200969371548
4893.90090705 0.000189522053468
5736.15251104 0.000179988219223
6723.35753346 0.00017267264323
7880.46280772 0.000168134022205
9236.70855743 0.000167456839108
10826.3673158 0.000172958065853
12689.6100328 0.000190672856923
14873.521066 0.000244154621011
17433.2882041 0.00139720311791
20433.5971463 0.000232579221983
23950.2661487 0.000174346471112
28072.1620414 0.000171581446866
32903.4456072 0.000270266500343
38566.2041715 0.000214077936509
45203.5364915 0.000169939752189
52983.1689488 0.000541635545696
62101.6941926 0.000168096007894
72789.5384034 0.00023779471339
85316.7851516 0.000265255096344
99999.9998388 0.000188099400862
117210.229499 0.000184580967107
