10 0.0089733809222
11.7210229688 0.00846468406257
13.7382379436 0.00810335284361
16.1026202488 0.00766752753085
18.8739181794 0.00730802086602
22.1221629107 0.00689635759436
25.9294379596 0.00643070493766
30.3919537893 0.00609427025208
35.6224788432 0.00576942854451
41.7531892728 0.0054453170617
48.9390091848 0.00517488382717
57.3615250726 0.00486554037641
67.2335752903 0.00461390477271
78.8046280253 0.0043640567453
92.3670855134 0.00412070791959
108.263673387 0.00389768776524
126.896100246 0.0036799150883
148.735210564 0.00347595896638
174.332881929 0.00328960950833
204.335971331 0.00310867280034
239.502661999 0.00293353483143
280.721620238 0.00277423731149
329.034455866 0.00262103203372
385.662041473 0.00247756131204
452.035364631 0.00234289247074
529.831690628 0.00221426322041
621.016941546 0.00209295595794
727.895383589 0.00197855199756
853.167850995 0.00187131805456
999.999997777 0.00176901131785
1172.10229742 0.00167341502082
1373.82379499 0.00158281987374
1610.26202562 0.00149823104176
1887.39181881 0.00141835652342
2212.21628594 0.00134398165056
2592.94379712 0.00127474295545
3039.19538029 0.00121069434397
3562.24788591 0.00115197467289
4175.31892913 0.00109901346968
4893.90090705 0.0010522236306
5736.15251104 0.00101280287066
6723.35753346 0.000982164136089
7880.46280772 0.000962993380643
9236.70855743 0.000960102498214
10826.3673158 0.000983362994088
12689.6100328 0.00105697866415
14873.521066 0.00126937807706
17433.2882041 0.00461683614828
20433.5971463 0.00122469126178
23950.2661487 0.00098915255089
28072.1620414 0.000977539991136
32903.4456072 0.00136857589252
38566.2041715 0.00115168624115
45203.5364915 0.000970572859957
52983.1689488 0.0022857190477
62101.6941926 0.000962810202252
72789.5384034 0.00124476031378
85316.7851516 0.00134983592758
99999.9998388 0.00104652090136
117210.229499 0.00103181073168
