10 0.0239027892942
11.7210229688 0.0227535491035
13.7382379436 0.0221292309557
16.1026202488 0.0214956404359
18.8739181794 0.0208557177233
22.1221629107 0.0199956992053
25.9294379596 0.0187221369011
30.3919537893 0.0181314660164
35.6224788432 0.0173702833074
41.7531892728 0.0166634489413
48.9390091848 0.0162358643253
57.3615250726 0.0154148113197
67.2335752903 0.0149081503862
78.8046280253 0.0143837164582
92.3670855134 0.0137747437179
108.263673387 0.0132768405801
126.896100246 0.0127258379043
148.735210564 0.0122161495942
174.332881929 0.0117966179778
204.335971331 0.0113417465445
239.502661999 0.0108608638043
280.721620238 0.0104531756167
329.034455866 0.0100476876547
385.662041473 0.00966309554889
452.035364631 0.00930423877312
529.831690628 0.00895050381361
621.016941546 0.00860641306874
727.895383589 0.00827732424017
853.167850995 0.00797162570266
999.999997777 0.00766016197913
