32	0.0680245000353
37	0.0661926534224
44	0.064070933366
52	0.0620898333678
61	0.0602540769799
72	0.0584049236295
85	0.0566104872128
101	0.0548043487888
119	0.053140360692
140	0.0515412813213
165	0.0499735648171
195	0.0484284707044
230	0.0469485872608
271	0.0455228246314
320	0.044122389219
378	0.0427620895419
446	0.0414526735927
526	0.0401866862337
621	0.0389517301615
732	0.037765881868
864	0.0366069286083
1019	0.0354888337103
1202	0.0344037985249
1419	0.0333471202521
1674	0.0323266458463
1975	0.0313367832874
2330	0.0303785639642
2749	0.0294487059629
3243	0.0285474485847
3827	0.027674921372
4515	0.0268255763173
5327	0.0260038149067
6285	0.0252069190195
7415	0.0244350174686
8748	0.0237378393951
10322	0.0230004764508
12178	0.0223157120881
14368	0.0217343710612
16952	0.0210272137854
20000	0.0204542887795
