32	0.0703746873694
37	0.0685300785223
44	0.0663918506998
52	0.0643936111618
61	0.0625404359903
72	0.0606721940147
85	0.0588577058075
101	0.0570298147945
119	0.0553443461831
140	0.0537232804864
165	0.0521326893756
195	0.0505637306732
230	0.0490597219815
271	0.0476095044615
320	0.04618385252
378	0.0447978890956
446	0.0434626437637
526	0.042170599536
621	0.0409091663403
732	0.0396968747743
864	0.0385110848112
1019	0.0373661387249
1202	0.0362541126612
1419	0.0351702435014
1674	0.0341226139411
1975	0.033105554424
2330	0.0321202100839
2749	0.0311632104043
3243	0.030234854248
3827	0.0293354179158
4515	0.0284590036819
5327	0.0276103917732
6285	0.0267867565278
7415	0.0259882953066
8748	0.0252680022462
10322	0.0245036967084
12178	0.0237941541612
14368	0.0231937574672
16952	0.0224579845312
20000	0.0218644209497
