32	0.0729338649633
37	0.0710766439613
44	0.0689219886234
52	0.066906588769
61	0.0650358856662
72	0.0631483527891
85	0.061313523159
101	0.059463491176
119	0.0577560873163
140	0.0561125118049
165	0.0544984327474
195	0.0529049201346
230	0.051376036621
271	0.0499005279234
320	0.0484488067437
378	0.0470362212972
446	0.0456741408667
526	0.0443549909872
621	0.0430658795896
732	0.0418260856388
864	0.0406121728686
1019	0.0394388423772
1202	0.0382987038515
1419	0.0371862714267
1674	0.0361103249625
1975	0.035064642664
2330	0.0340506984197
2749	0.0330646320911
3243	0.0321060693809
3827	0.0311781228153
4515	0.0302751018101
5327	0.0293974893569
6285	0.0285411662149
7415	0.0277200192603
8748	0.0269624269172
10322	0.026184040373
12178	0.0254298598201
14368	0.0248265903635
16952	0.0240666897104
20000	0.023409709192
