32	0.0757244210447
37	0.0738548798814
44	0.0716840406797
52	0.0696516083006
61	0.0677634075543
72	0.0658565213501
85	0.0640011929062
101	0.0621287549351
119	0.0603990818057
140	0.058732576053
165	0.0570945221757
195	0.0554758628282
230	0.0539214368091
271	0.0524199485923
320	0.0509412678698
378	0.0495011785544
446	0.0481113074321
526	0.0467640113005
621	0.0454462934903
732	0.0441776519958
864	0.0429345398628
1019	0.0417321104359
1202	0.0405621739977
1419	0.0394198417083
1674	0.0383136981279
1975	0.037237913725
2330	0.0361938929029
2749	0.0351780597158
3243	0.0341908454902
3827	0.0332328810767
4515	0.0322974311614
5327	0.0313901722066
6285	0.0305080237726
7415	0.0296513432825
8748	0.0288808303343
10322	0.0280571538268
12178	0.0272932236123
14368	0.0266518700616
16952	0.0258523793824
20000	0.0252138881826
