32	0.0787723172952
37	0.0768909135422
44	0.0747043261641
52	0.0726551717317
61	0.070749667696
72	0.0688235280382
85	0.0669477008903
101	0.0650527578223
119	0.0633006182231
140	0.0616109040516
165	0.0599484855079
195	0.0583042120118
230	0.0567237011102
271	0.0551955615274
320	0.0536892869572
378	0.0522208948597
446	0.0508023777295
526	0.0494260348074
621	0.0480785429936
732	0.0467802177564
864	0.0455066423012
1019	0.0442733573115
1202	0.0430727779853
1419	0.041899209515
1674	0.0407620088685
1975	0.0396547320906
2330	0.0385791616517
2749	0.0375311572909
3243	0.0365103831971
3827	0.0355207175875
4515	0.0345556179761
5327	0.0336159095932
6285	0.0326970005337
7415	0.0318149355249
8748	0.0310025528176
10322	0.0301631728523
12178	0.029348487574
14368	0.0287051203858
16952	0.0278779303201
20000	0.0271669743749
