32	0.0821078368756
37	0.0802152221
44	0.0780135474948
52	0.0759481882169
61	0.0740257713001
72	0.0720806768148
85	0.0701845412388
101	0.068267173905
119	0.0664925488273
140	0.0647795031121
165	0.0630925208559
195	0.0614223160537
230	0.0598153091774
271	0.0582600746958
320	0.0567255355085
378	0.0552281714439
446	0.0537802466351
526	0.0523739912103
621	0.0509959781097
732	0.0496667446937
864	0.0483617746931
1019	0.0470970991791
1202	0.0458642436936
1419	0.0446581890683
1674	0.0434880569527
1975	0.0423478550079
2330	0.0412392964148
2749	0.0401585531099
3243	0.0391062079387
3827	0.0380833493306
4515	0.0370821702283
5327	0.036109473883
6285	0.035161857925
7415	0.0342398765941
8748	0.0334138894843
10322	0.0325230831907
12178	0.0316980760301
14368	0.0310123756422
16952	0.0301396757901
20000	0.0294514910076
