32	0.0857665403438
37	0.0838635932914
44	0.0816477578205
52	0.0795669633763
61	0.0776282554199
72	0.0756647370081
85	0.0737487100658
101	0.0718092347644
119	0.0700123103424
140	0.0682760165934
165	0.066564440753
195	0.064868178723
230	0.0632344525624
271	0.0616517766531
320	0.0600885912647
378	0.0585617330332
446	0.0570837967704
526	0.0556469505502
621	0.0542375456171
732	0.0528766617093
864	0.0515392789461
1019	0.0502418893654
1202	0.0489758701205
1419	0.0477361363372
1674	0.0465320881868
1975	0.0453576528361
2330	0.044214719644
2749	0.0430993126047
3243	0.0420120978664
3827	0.0409544417496
4515	0.0399178892081
5327	0.0389099151931
6285	0.0379269242071
7415	0.0369695855286
8748	0.0361140079335
10322	0.0351865998578
12178	0.0343285142262
14368	0.0336196536389
16952	0.0327064732058
20000	0.0319917948414
