32	0.089790496392
37	0.0878783628596
44	0.0856496057396
52	0.0835544411439
61	0.0816003397643
72	0.0796192078642
85	0.0776839792774
101	0.0757229880032
119	0.0739042040624
140	0.0721449899744
165	0.07040902758
195	0.0686868162085
230	0.0670263702197
271	0.0654161139828
320	0.06382411437
378	0.0622674362955
446	0.0607590719433
526	0.0592911364611
621	0.0578496203162
732	0.0564565251496
864	0.0550858463258
1019	0.0537544940712
1202	0.0524545980089
1419	0.0511801093021
1674	0.0499413296067
1975	0.0487314563788
2330	0.0475528528013
2749	0.0464008275281
3243	0.0452750887149
3827	0.04418107537
4515	0.0431104785444
5327	0.0420648309507
6285	0.0410385784511
7415	0.0400520835682
8748	0.0391471807378
10322	0.0382024013133
12178	0.0372828554388
14368	0.0365755471754
16952	0.0356289246498
20000	0.0348251214287
