32	0.0942298910285
37	0.0923100316259
44	0.0900699618479
52	0.0879618388047
61	0.0859935708193
72	0.0839959725575
85	0.0820425602304
101	0.0800609689482
119	0.0782210782835
140	0.0764395609557
165	0.074679740621
195	0.0729319736783
230	0.0712450723523
271	0.0696074472372
320	0.0679865743831
378	0.066400009099
446	0.0648610219602
526	0.0633616635775
621	0.0618878363999
732	0.0604617360734
864	0.0590573120527
1019	0.0576920123467
1202	0.0563569088092
1419	0.0550467877706
1674	0.0537716156569
1975	0.0525251663711
2330	0.051309733419
2749	0.0501209892062
3243	0.0489597820991
3827	0.047828160902
4515	0.0467160835583
5327	0.0456326442155
6285	0.0445737774817
7415	0.0435404233201
8748	0.0426225323015
10322	0.0416157639059
12178	0.0406866230462
14368	0.0399305144471
16952	0.0389280338956
20000	0.0381577383323
