32	0.0991451620527
37	0.0972194093979
44	0.0949700749885
52	0.092850827324
61	0.0908700113638
72	0.0888574920806
85	0.0868873076431
101	0.0848864456554
119	0.0830265684141
140	0.081223738455
165	0.0794409065584
195	0.0776683360815
230	0.0759556003075
271	0.0742910300324
320	0.0726417560068
378	0.071025539414
446	0.0694560597501
526	0.0679253227842
621	0.066418851635
732	0.0649598290666
864	0.0635211439905
1019	0.0621206679697
1202	0.0607503619888
1419	0.0594039138274
1674	0.058092288521
1975	0.0568084345576
2330	0.0555552032041
2749	0.0543274135685
3243	0.0531247816731
3827	0.0519541753041
4515	0.0508056373142
5327	0.0496813556063
6285	0.048574892472
7415	0.0475104950109
8748	0.0465381607365
10322	0.0455139962885
12178	0.0445152150178
14368	0.0437656578186
16952	0.0427258936572
20000	0.0418528969072
