32	0.110714657192
37	0.108784469524
44	0.106524942994
52	0.104391029369
61	0.102391954215
72	0.100356266842
85	0.0983587812168
101	0.0963253926847
119	0.0944308410209
140	0.0925902055142
165	0.0907658458021
195	0.088947772418
230	0.087186991765
271	0.0854718284223
320	0.0837684073274
378	0.0820953151454
446	0.0804668247189
526	0.0788748457601
621	0.0773046318523
732	0.0757800571171
864	0.0742735404958
1019	0.0728039945534
1202	0.0713620303623
1419	0.0699422661182
1674	0.0685554849395
1975	0.0671952787316
2330	0.0658647106087
2749	0.0645587336057
3243	0.0632785082837
3827	0.0620275505818
4515	0.0607924120373
5327	0.0595855652991
6285	0.0584019449326
7415	0.0572430283164
8748	0.0562276206715
10322	0.0550873297
12178	0.0540414688676
14368	0.053218146635
16952	0.0520596305089
20000	0.0512036801753
