32	0.117572744571
37	0.115645175942
44	0.113386100636
52	0.111249969103
61	0.109246435385
72	0.107203790335
85	0.105197055848
101	0.103151734531
119	0.101243729287
140	0.0993878187844
165	0.0975461301737
195	0.0957085713391
230	0.0939267680737
271	0.0921890456428
320	0.0904611406132
378	0.088761947904
446	0.0871060523446
526	0.0854853333548
621	0.0838848502143
732	0.0823290074444
864	0.0807897486969
1019	0.0792864598295
1202	0.0778096054044
1419	0.0763537619668
1674	0.0749299527733
1975	0.0735317334889
2330	0.0721624797388
2749	0.0708168334474
3243	0.0694960689706
3827	0.068204358198
4515	0.0669267286062
5327	0.0656771317137
6285	0.0644500565962
7415	0.0632472060533
8748	0.0622000153937
10322	0.0610120689188
12178	0.0599257825437
14368	0.0590837131507
16952	0.0578672167461
20000	0.0569841988932
