32	0.125327875852
37	0.123407128024
44	0.121153366258
52	0.119019545372
61	0.117015732359
72	0.11497031532
85	0.112958362832
101	0.110905126324
119	0.108987325324
140	0.107119607324
165	0.105263935608
195	0.10341012756
230	0.101610335773
271	0.0998529072619
320	0.0981032436865
378	0.0963805165357
446	0.0946995997686
526	0.0930523552859
621	0.0914236688579
732	0.0898384416691
864	0.0882681791171
1019	0.0867327181171
1202	0.0852223853192
1419	0.0837317278342
1674	0.0822719780018
1975	0.0808366748013
2330	0.079429541759
2749	0.0780448618511
3243	0.0766840273148
3827	0.0753519794259
4515	0.0740319566945
5327	0.0727396265985
6285	0.0714689559694
7415	0.0702219030146
8748	0.0691445588782
10322	0.0679079960178
12178	0.0667814317603
14368	0.0659242697794
16952	0.0646469617484
20000	0.0637390939395
