32	0.13416595857
37	0.132257168622
44	0.130014699654
52	0.127888794681
61	0.12588990958
72	0.123846972116
85	0.121834897043
101	0.119778865521
119	0.117855970909
140	0.115980943087
165	0.114115670094
195	0.112249896054
230	0.11043617752
271	0.108662909575
320	0.106895231396
378	0.105152547804
446	0.10344998907
526	0.101779416098
621	0.100125570414
732	0.0985137996164
864	0.0969152248926
1019	0.0953500991375
1202	0.0938086241416
1419	0.0922853342613
1674	0.0907916266851
1975	0.0893210498147
2330	0.087877716545
2749	0.0864554927108
3243	0.0850558921383
3827	0.0836847640249
4515	0.0823232332442
5327	0.0809889712628
6285	0.0796753289489
7415	0.0783845554309
8748	0.0772798682993
10322	0.0759943543238
12178	0.0748285416393
14368	0.0739616190919
16952	0.072620913153
20000	0.071691798284
