32	0.14433275811
37	0.142442217457
44	0.140218401758
52	0.138107354133
61	0.136119880252
72	0.134085999145
85	0.132080224421
101	0.130027901448
119	0.128105921683
140	0.126229380941
165	0.124360176826
195	0.122488044179
230	0.120665769214
271	0.118881765265
320	0.117101205333
378	0.11534343242
446	0.113623898263
526	0.111934498118
621	0.110259611648
732	0.108625658095
864	0.107002552907
1019	0.105410793598
1202	0.103842238708
1419	0.102289682282
1674	0.100765850646
1975	0.0992630372711
2330	0.0977863509129
2749	0.0963280324742
3243	0.0948875056164
3827	0.093479499757
4515	0.092084630906
5327	0.0907087486676
6285	0.0893404810255
7415	0.0880248258278
8748	0.0868561344474
10322	0.0855692673807
12178	0.0843064638402
14368	0.0834939075611
16952	0.0821100946357
20000	0.0810227862302
