32	0.156161740407
37	0.154297185155
44	0.152101113997
52	0.150013534355
61	0.148045561552
72	0.146028988867
85	0.144037615251
101	0.141997234989
119	0.140083847456
140	0.138213222946
165	0.136347472852
195	0.13447627522
230	0.132652463121
271	0.1308646352
320	0.12907772672
378	0.127311417376
446	0.12558119711
526	0.123878995104
621	0.122189399602
732	0.120538408713
864	0.118896632515
1019	0.117284979044
1202	0.115693464889
1419	0.114116674486
1674	0.112566127747
1975	0.111035506882
2330	0.10952986345
2749	0.108041996065
3243	0.106573668311
3827	0.105133107082
4515	0.103695893035
5327	0.102284863866
6285	0.100891757223
7415	0.0995195406978
8748	0.0983756115787
10322	0.0969950982803
12178	0.0957592655659
14368	0.094898732089
16952	0.0934253016255
20000	0.0924728293954
