32	0.170119817795
37	0.16829082315
44	0.166133795101
52	0.164080439236
61	0.162142109923
72	0.16015323563
85	0.15818651484
101	0.15616856893
119	0.154273581629
140	0.152418440506
165	0.150565629583
195	0.148704854517
230	0.146888709734
271	0.145105968937
320	0.143321698024
378	0.141555575918
446	0.139823158268
526	0.13811645808
621	0.136420088082
732	0.134760186383
864	0.133107303482
1019	0.131482536331
1202	0.129875859156
1419	0.128281938106
1674	0.126712197505
1975	0.125160470931
2330	0.123632384877
2749	0.122120045526
3243	0.120625342648
3827	0.119158078335
4515	0.117690153352
5327	0.116247781684
6285	0.114821630579
7415	0.113415119913
8748	0.112264535336
10322	0.11084096516
12178	0.109578450531
14368	0.10874147215
16952	0.107200257596
20000	0.106251973348
