32	0.186886512244
37	0.185105048379
44	0.183001238714
52	0.180995652029
61	0.179099792048
72	0.177151809093
85	0.175222812526
101	0.173240731422
119	0.171376766411
140	0.169549467796
165	0.167721935384
195	0.165883962579
230	0.164087550494
271	0.162321715135
320	0.160551876108
378	0.158797580237
446	0.157074337498
526	0.15537429169
621	0.153682179768
732	0.152024095285
864	0.150370724625
1019	0.148743213265
1202	0.147131544158
1419	0.145530521438
1674	0.143951317535
1975	0.142388000018
2330	0.140846866873
2749	0.139319184224
3243	0.137806965372
3827	0.136321953014
4515	0.134831513114
5327	0.133365978068
6285	0.131914698736
7415	0.130481629095
8748	0.129338332328
10322	0.12787771127
12178	0.126598234615
14368	0.125805913132
16952	0.12419759871
20000	0.123270511788
