32	0.207500057411
37	0.205781306284
44	0.203748751019
52	0.20180822849
61	0.199971270739
72	0.198081142261
85	0.196206739216
101	0.194277923166
119	0.19246139856
140	0.190678082524
165	0.188892008851
195	0.187093140763
230	0.185332419893
271	0.18359919189
320	0.181859527468
378	0.180132667997
446	0.178433928033
526	0.176755644668
621	0.175082814485
732	0.17344123523
864	0.171801996244
1019	0.170186098917
1202	0.168583604911
1419	0.166989534862
1674	0.165414593497
1975	0.163853195541
2330	0.16231244034
2749	0.16078255449
3243	0.159265671362
3827	0.157775965945
4515	0.156275115578
5327	0.154798572541
6285	0.153334035787
7415	0.151886104934
8748	0.150770218148
10322	0.14928205156
12178	0.148000198662
14368	0.147282557152
16952	0.14560967401
20000	0.14472841453
