32	0.2683304026
37	0.266802697674
44	0.264990897428
52	0.263255844523
61	0.261608561995
72	0.259908637497
85	0.258217827138
101	0.256472647338
119	0.254824081456
140	0.253200917567
165	0.251570429383
195	0.249923385601
230	0.248306485858
271	0.246709998356
320	0.245103063558
378	0.243503050801
446	0.241924417224
526	0.240360203371
621	0.238796021131
732	0.237257365847
864	0.235715496234
1019	0.234189931765
1202	0.232675043203
1419	0.231162882217
1674	0.229664866651
1975	0.228173786564
2330	0.226700192196
2749	0.225228676681
3243	0.223756437404
3827	0.222322777035
4515	0.220877356957
5327	0.219437673341
6285	0.217976496815
7415	0.216601386508
8748	0.21554344168
10322	0.214165914732
12178	0.212808436235
14368	0.212531266359
16952	0.210804772162
20000	0.209782794844
