32	0.317534061576
37	0.316151971698
44	0.314510441643
52	0.312935959396
61	0.311438861504
72	0.309891588233
85	0.308350237629
101	0.306756814371
119	0.305249265525
140	0.303762684216
165	0.302267173267
195	0.300754103429
230	0.299266444415
271	0.297795421698
320	0.296312194496
378	0.294833304476
446	0.293371891174
526	0.291921532378
621	0.290469482168
732	0.289037922295
864	0.287602081446
1019	0.286180419932
1202	0.284764014493
1419	0.283349437721
1674	0.2819435408
1975	0.280543084715
2330	0.279159050811
2749	0.277776275707
3243	0.276397211984
3827	0.275048984111
4515	0.273662948069
5327	0.272301408561
6285	0.270943309978
7415	0.269596399469
8748	0.268806733981
10322	0.267359324112
12178	0.266253437184
14368	0.266122236315
16952	0.264302778059
20000	0.26386243306
