32	0.395776922892
37	0.394597111335
44	0.393193713222
52	0.391845464013
61	0.390561494152
72	0.389232443529
85	0.387906395456
101	0.38653334739
119	0.385232225042
140	0.383947214862
165	0.382652490442
195	0.38134047972
230	0.380048501434
271	0.378768965986
320	0.377476725865
378	0.376186315733
446	0.374909137452
526	0.373639607518
621	0.372366703593
732	0.371109629199
864	0.369846918321
1019	0.368594816183
1202	0.367345241117
1419	0.366095920693
1674	0.364850735162
1975	0.363608127926
2330	0.362381502904
2749	0.36115220405
3243	0.35992280451
3827	0.358728924826
4515	0.357481946358
5327	0.3562617446
6285	0.3550413795
7415	0.353830768847
8748	0.353325199318
10322	0.351978601128
12178	0.35106346344
14368	0.351391219875
16952	0.3495569454
20000	0.34948549306
