32	0.552996115917
37	0.552123190571
44	0.55108323341
52	0.550082496964
61	0.549127964955
72	0.548138361332
85	0.547149404412
101	0.546123716233
119	0.545150176009
140	0.544187176265
165	0.543215376211
195	0.542228973789
230	0.541256125479
271	0.540291090809
320	0.539314791633
378	0.538338457919
446	0.537370566203
526	0.536406884781
621	0.535439272077
732	0.534481872897
864	0.533518811054
1019	0.532562505889
1202	0.531606318615
1419	0.530649962212
1674	0.529692197632
1975	0.528734372723
2330	0.5277936199
2749	0.52684586871
3243	0.52589358319
3827	0.524986136662
4515	0.524003123847
5327	0.523052238893
6285	0.522097297574
7415	0.521150779229
8748	0.521139867054
10322	0.520006186512
12178	0.519444397436
14368	0.520541251382
16952	0.518742267209
20000	0.519306964568
