32	0.0258273719173
37	0.0190749949474
44	0.0291769077656
52	0.0258316176388
61	0.0335498496784
72	0.0215140658964
85	0.023074867161
101	0.0205491931064
119	0.0306910027073
140	0.0246295624279
165	0.0441021482762
195	0.0220773355742
230	0.0363245163982
271	0.0417058000061
320	0.0569594599662
378	0.0575999750181
446	0.0489271825155
526	0.0761145526701
621	0.0706520091012
732	0.0721135261045
864	0.0600156359676
1019	0.0840594142373
1202	0.093658490508
1419	0.105649424125
1674	0.140996464473
1975	0.120068825777
2330	0.134770181637
2749	0.172641965804
3243	0.20485468891
3827	0.22358062112
4515	0.176692700483
5327	0.306047384962
6285	0.241568680185
7415	0.228538683073
8748	0.456119187043
10322	0.551473964472
12178	0.562184652122
14368	0.682795005945
16952	0.658097129343
20000	0.714534117877
