32	0.560067367939
37	0.559467625399
44	0.558752333833
52	0.558063209186
61	0.557405161416
72	0.556722170647
85	0.556038846047
101	0.555329318476
119	0.554655090865
140	0.553987423357
165	0.553312916066
195	0.552627464735
230	0.551950713281
271	0.551278633133
320	0.550597854031
378	0.549916405121
446	0.549240079986
526	0.548565916815
621	0.547888398417
732	0.547217044328
864	0.546541121821
1019	0.545869342572
1202	0.545196712305
1419	0.544524020048
1674	0.543847445723
1975	0.543169645882
2330	0.542507875558
2749	0.541837767443
3243	0.54116189548
3827	0.540530599123
4515	0.539820759513
5327	0.539142393004
6285	0.53845819273
7415	0.53778284175
8748	0.538066993562
10322	0.537193914638
12178	0.536909308772
14368	0.538321797482
16952	0.536775504796
