32	0.400919339519
37	0.399927644275
44	0.39874672208
52	0.397610886107
61	0.39652799957
72	0.395405855574
85	0.394284991969
101	0.393123080493
119	0.392020795631
140	0.390930978246
165	0.389831736851
195	0.388716585314
230	0.38761727872
271	0.386527380052
320	0.38542543681
378	0.384323914059
446	0.383232510712
526	0.382146477407
621	0.381056460147
732	0.379978770633
864	0.378895168531
1019	0.377819600619
1202	0.376745011392
1419	0.375669857503
1674	0.374596273953
1975	0.373523653052
2330	0.372465590462
2749	0.37140311337
3243	0.370338635541
3827	0.369309262044
4515	0.368223402121
5327	0.36716329269
6285	0.366101376998
7415	0.365047605297
8748	0.364717853032
10322	0.363521390836
12178	0.362767639801
14368	0.363293943473
16952	0.361589495666
20000	0.361702424615
