32	0.321598336901
37	0.320356779169
44	0.318880611479
52	0.317463161181
61	0.31611393784
72	0.314718024101
85	0.313325971373
101	0.311885345399
119	0.310520887577
140	0.309174040224
165	0.307817667417
195	0.306443990499
230	0.305092018804
271	0.303753671259
320	0.302403189781
378	0.301055092222
446	0.299721629763
526	0.298397014218
621	0.297068992533
732	0.295759588537
864	0.294443907064
1019	0.293138518128
1202	0.29183989065
1419	0.290540445415
1674	0.289249196387
1975	0.28795999987
2330	0.28668553843
2749	0.285407152803
3243	0.284120742552
3827	0.282876937542
4515	0.281610922548
5327	0.280345668842
6285	0.279046768353
7415	0.277849501979
8748	0.277046760618
10322	0.275834877583
12178	0.274641736554
14368	0.274815664564
16952	0.273143220372
20000	0.27236177907
