32	0.271686319828
37	0.270268126585
44	0.268584516168
52	0.266970506316
61	0.265436598106
72	0.263852092065
85	0.262274489192
101	0.260644486771
119	0.25910318734
140	0.257584157046
165	0.256056849924
195	0.25451250838
230	0.252994974761
271	0.251495295923
320	0.249984106894
378	0.248478216428
446	0.246991041951
526	0.24551604402
621	0.244040210328
732	0.242586201715
864	0.241128739844
1019	0.239686566813
1202	0.238250735071
1419	0.236817445292
1674	0.235394619162
1975	0.233978389734
2330	0.232578249071
2749	0.231181179517
3243	0.229789497231
3827	0.228425502351
4515	0.227032091918
5327	0.22566136586
6285	0.224295644746
7415	0.222941518335
8748	0.222056628366
10322	0.22062194992
12178	0.21947536824
14368	0.219144870044
16952	0.217405218054
20000	0.21681848898
