32	0.209956610074
37	0.208308906313
44	0.206358604403
52	0.204494829944
61	0.202728925475
72	0.200910287848
85	0.199105163165
101	0.197245959286
119	0.195493442704
140	0.193771504404
165	0.192045457357
195	0.190305583569
230	0.188601192981
271	0.18692204994
320	0.18523530703
378	0.183559643499
446	0.181909961864
526	0.180278877251
621	0.178651850181
732	0.17705399365
864	0.175457227402
1019	0.173882038359
1202	0.172318761083
1419	0.170762619671
1674	0.169223930455
1975	0.167697372517
2330	0.166190188141
2749	0.164692465532
3243	0.163206350172
3827	0.161746573724
4515	0.160273667788
5327	0.158824121184
6285	0.157385330132
7415	0.155962044693
8748	0.154878172421
10322	0.153410759546
12178	0.152153795714
14368	0.151475497587
16952	0.149814025223
20000	0.148965323808
