32	0.189034740064
37	0.187311609638
44	0.185274937987
52	0.183331595105
61	0.181492999307
72	0.179602266183
85	0.177728379503
101	0.175801290312
119	0.173987533311
140	0.172208041658
165	0.170426927067
195	0.168634231607
230	0.166880718126
271	0.165155746594
320	0.16342556603
378	0.16170931037
446	0.160022200644
526	0.158356604929
621	0.156697612022
732	0.155070834956
864	0.153447570662
1019	0.151848612263
1202	0.150264147809
1419	0.148689137675
1674	0.147134488254
1975	0.14559446877
2330	0.144075508964
2749	0.142568761321
3243	0.141076261811
3827	0.139610207958
4515	0.138137037724
5327	0.136687942364
6285	0.13525202952
7415	0.133833377248
8748	0.132710585605
10322	0.131261076799
12178	0.129996132157
14368	0.129230251596
16952	0.127625267759
20000	0.126718908331
