32	0.172016934611
37	0.170236210147
44	0.168134395185
52	0.166131883203
61	0.164240015276
72	0.162297272253
85	0.160374640931
101	0.158400364402
119	0.15654492999
140	0.154727166176
165	0.152910327793
195	0.151084365827
230	0.149300920362
271	0.147548973231
320	0.14579447554
378	0.144056512747
446	0.142350580096
526	0.140668891198
621	0.138996003614
732	0.137358599989
864	0.135726550275
1019	0.134120560711
1202	0.132532994396
1419	0.130956421399
1674	0.129403650247
1975	0.127867011529
2330	0.126352961789
2749	0.124852046069
3243	0.123363301801
3827	0.121906997746
4515	0.120456942779
5327	0.119021614532
6285	0.117586157769
7415	0.116209732278
8748	0.115017427896
10322	0.113660536701
12178	0.112325867314
14368	0.111581237886
16952	0.110068177256
20000	0.108941760911
