32	0.157850092443
37	0.156025702525
44	0.15387527343
52	0.151829420576
61	0.149899303876
72	0.147920039757
85	0.145964043831
101	0.143958413006
119	0.142076226027
140	0.14023482825
165	0.13839694421
195	0.136552453027
230	0.134753467067
271	0.132988754104
320	0.1312239638
378	0.129478297225
446	0.127767239482
526	0.126082885981
621	0.124409739183
732	0.122774364101
864	0.12114668405
1019	0.119547322713
1202	0.11796840933
1419	0.116402641663
1674	0.11486281909
1975	0.113341267011
2330	0.111843780463
2749	0.110361779104
3243	0.10889451704
3827	0.107459465417
4515	0.10603390848
5327	0.104625002556
6285	0.103219675001
7415	0.101869917031
8748	0.100685234597
10322	0.0993593181827
12178	0.098056392762
14368	0.0972723342017
16952	0.0958198424929
20000	0.0947080498625
