32	0.145844753552
37	0.143987764258
44	0.141801808507
52	0.139725100328
61	0.13776854152
72	0.135764882455
85	0.1337875149
101	0.131762824371
119	0.129865424222
140	0.128011661859
165	0.12616398169
195	0.124312204379
230	0.122508604911
271	0.120741860976
320	0.118977322855
378	0.117234424096
446	0.115528429282
526	0.113851344033
621	0.112187961214
732	0.110563869793
864	0.108950114275
1019	0.107367230431
1202	0.105805402249
1419	0.104259247191
1674	0.102740202055
1975	0.101241951166
2330	0.0997691488048
2749	0.0983151045653
3243	0.0968814921538
3827	0.0954755057098
4515	0.0940752262632
5327	0.092701203
6285	0.0913459179288
7415	0.0900120381864
8748	0.0888871742428
10322	0.08755039323
12178	0.0863467807664
14368	0.0854839149725
16952	0.0840702426904

