32	0.135527057221
37	0.13364636568
44	0.131435365699
52	0.129337764058
61	0.127364139884
72	0.125345673372
85	0.123356375193
101	0.121322266842
119	0.1194186452
140	0.11756127002
165	0.115712444832
195	0.113862015616
230	0.112062157013
271	0.110301434768
320	0.108545275092
378	0.106812987616
446	0.105119665517
526	0.103457273001
621	0.101810668615
732	0.100205129819
864	0.0986119376012
1019	0.0970513117838
1202	0.09551351962
1419	0.0939931526668
1674	0.0925015797064
1975	0.0910324196718
2330	0.0895898791348
2749	0.0881677663802
3243	0.0867676314012
3827	0.0853955475044
4515	0.0840321969552
5327	0.0826956946458
6285	0.0813792776163
7415	0.0800852696813
8748	0.0789804942263
10322	0.0776901022412
12178	0.0765211917373
14368	0.0756571708385
16952	0.0743077981287
20000	0.0733787386915
