32	0.12655850018
37	0.124661318855
44	0.122433735847
52	0.120323242096
61	0.11834005049
72	0.116314406588
85	0.114320651961
101	0.112284713088
119	0.110381912042
140	0.108527733022
165	0.106684472202
195	0.104842029767
230	0.103052289097
271	0.101303742202
320	0.0995620065886
378	0.097846198617
446	0.0961711849045
526	0.0945289133496
621	0.0929043566667
732	0.0913223935446
864	0.0897546339865
1019	0.088220917671
1202	0.0867116189457
1419	0.0852213294267
1674	0.0837612789926
1975	0.0823250603442
2330	0.0809164826866
2749	0.0795297793513
3243	0.0781663782821
3827	0.0768314114683
4515	0.0755077431018
5327	0.0742114222657
6285	0.0729363193916
7415	0.071684459111
8748	0.0706050364892
10322	0.0693622907088
12178	0.0682310957909
14368	0.0673744652002
16952	0.0660877914495
20000	0.0651780451905
