32	0.118689558283
37	0.116781765417
44	0.114544462418
52	0.11242753214
61	0.110440790382
72	0.108414058621
85	0.106421777647
101	0.104389990366
119	0.102493525878
140	0.10064784088
165	0.0988153282573
195	0.0969859634435
230	0.0952111922507
271	0.0934794634361
320	0.09175667277
378	0.0900616910957
446	0.0884091182505
526	0.086790905321
621	0.0851921747611
732	0.083637344275
864	0.0820984194568
1019	0.0805948153157
1202	0.0791170301261
1419	0.0776596747637
1674	0.0762337890537
1975	0.0748329689426
2330	0.0734606683674
2749	0.0721114860725
3243	0.0707867310273
3827	0.069490738237
4515	0.0682082163806
5327	0.0669534474298
6285	0.0657208381296
7415	0.0645121501857
8748	0.0634615045075
10322	0.0622665710437
12178	0.0611746620209
14368	0.0603314370811
16952	0.059105277583
20000	0.0582190607281
