32	0.111731450164
37	0.109817851089
44	0.107576408292
52	0.105458258794
61	0.10347280047
72	0.101449841442
85	0.099463735222
101	0.0974408070727
119	0.095554986304
140	0.0937218992651
165	0.0919041164401
195	0.0900917035957
230	0.0883355578463
271	0.0866241091032
320	0.0849235962878
378	0.0832526059581
446	0.0816254426044
526	0.0800340756391
621	0.0784638029625
732	0.0769385383728
864	0.0754307297745
1019	0.0739593380785
1202	0.0725149970038
1419	0.0710923509165
1674	0.0697022131664
1975	0.0683382052965
2330	0.0670034619013
2749	0.0656928980995
3243	0.0644077076528
3827	0.0631515465396
4515	0.0619106934269
5327	0.0606979079912
6285	0.0595080543244
7415	0.0583426619641
8748	0.0573228714046
10322	0.0561751455909
12178	0.0551230568923
14368	0.0542973962011
16952	0.0531291903829
20000	0.0522691640049
