32	0.0999947769166
37	0.0980806429729
44	0.0958436795719
52	0.093734911137
61	0.0917628673241
72	0.0897582539083
85	0.0877948304531
101	0.0857998462118
119	0.083944551062
140	0.0821453462028
165	0.0803653299522
195	0.0785947767744
230	0.076883259402
271	0.075219224904
320	0.0735697274602
378	0.0719527094951
446	0.0703818337214
526	0.068849138728
621	0.0673403216125
732	0.0658782161589
864	0.0644362372714
1019	0.0630323932789
1202	0.0616576081066
1419	0.0603066213948
1674	0.0589897274522
1975	0.0577006449657
2330	0.056441958967
2749	0.0552091020971
3243	0.0540030512792
3827	0.0528263793403
4515	0.0516678667474
5327	0.0505378054857
6285	0.0494317903279
7415	0.0483509615998
8748	0.0473954171829
10322	0.0463383124637
12178	0.0453647191006
14368	0.0445814969424
16952	0.043520756659
