32	0.0950091354586
37	0.0930989593126
44	0.0908690531476
52	0.0887693876591
61	0.0868080508091
72	0.0848165404464
85	0.0828681654423
101	0.0808907661302
119	0.0790539362119
140	0.0772746310968
165	0.07551625478
195	0.073769218479
230	0.0720823514511
271	0.0704440922139
320	0.0688220614341
378	0.0672337158117
446	0.0656924503148
526	0.0641903574213
621	0.0627131994437
732	0.0612836534583
864	0.0598751261551
1019	0.0585050825124
1202	0.0571655792582
1419	0.0558504349591
1674	0.054570341751
1975	0.0533183714597
2330	0.0520971781628
2749	0.0509018045884
3243	0.049731975293
3827	0.0485939506184
4515	0.0474784965731
5327	0.0463875263843
6285	0.0453149928468
7415	0.0442834723178
8748	0.0433394390351
10322	0.0423486997062
12178	0.0413832432964
14368	0.0406509736451
16952	0.0396504930298
20000	0.0388063916189
