32	0.0905065347006
37	0.0886024379073
44	0.0863819764003
52	0.0842935653792
61	0.0823448564704
72	0.0803683040507
85	0.0784366907356
101	0.0764785021458
119	0.074661546417
140	0.0729033970546
165	0.0711678087227
195	0.0694453055613
230	0.0677839540778
271	0.0661722339678
320	0.0645782205589
378	0.0630190276035
446	0.0615077105388
526	0.0600364125038
621	0.0585911225387
732	0.0571939361722
864	0.0558188005331
1019	0.0544827065117
1202	0.0531777929305
1419	0.0518980052492
1674	0.0506537071459
1975	0.0494380912309
2330	0.0482535739569
2749	0.0470954316678
3243	0.0459633820177
3827	0.0448629993469
4515	0.0437858363496
5327	0.0427334914119
6285	0.041700339149
7415	0.0407070903952
8748	0.039796304143
10322	0.0388445422183
12178	0.0379179852733
14368	0.0372068846628
16952	0.0362519560214
20000	0.0354419244976
