32	0.0864255719811
37	0.0845292590468
44	0.0823201371062
52	0.0802446633673
61	0.0783100612687
72	0.0763498691187
85	0.0744362850637
101	0.072498478718
119	0.070702381721
140	0.0689662326919
165	0.0672541710613
195	0.0655568126082
230	0.0639214522852
271	0.0623366518241
320	0.0607708439945
378	0.0592409212069
446	0.0577595431049
526	0.0563189004681
621	0.0549053388906
732	0.0535400311623
864	0.0521979069555
1019	0.0508955417506
1202	0.0496243062563
1419	0.0483791191657
1674	0.0471694352846
1975	0.0459891825961
2330	0.0448402954257
2749	0.0437187759502
3243	0.0426253142158
3827	0.0415613451019
4515	0.0405182790633
5327	0.0395037411242
6285	0.038514099846
7415	0.0375500538076
8748	0.036688942258
10322	0.0357544550397
12178	0.0348899940209
14368	0.0341768369513
16952	0.0332556129649
20000	0.0325358498395
