32	0.0827152569311
37	0.0808280805808
44	0.0786317792121
52	0.0765705362659
61	0.0746511502075
72	0.0727083422189
85	0.0708136852049
101	0.0688970653698
119	0.0671224584243
140	0.0654088248605
165	0.0637206686859
195	0.0620487406926
230	0.0604395427975
271	0.0588816581635
320	0.0573440901218
378	0.0558432597289
446	0.0543915519373
526	0.0529812216032
621	0.051598709315
732	0.0502649757399
864	0.0489550271812
1019	0.047684930833
1202	0.0464470054824
1419	0.0452354352566
1674	0.0440599444136
1975	0.0429139630651
2330	0.041799494021
2749	0.0407122068125
3243	0.0396517921187
3827	0.0386226905076
4515	0.0376177398421
5327	0.0366380217312
6285	0.0356786067291
7415	0.034757089737
8748	0.0339095248254
10322	0.0330303764078
12178	0.0321761397681
14368	0.0315078319859
16952	0.0306359464268
20000	0.0298897965978
