32	0.0793328443491
37	0.0774558597206
44	0.0752735103832
52	0.0732274569129
61	0.0713240877578
72	0.069399376547
85	0.0675242382664
101	0.0656292884193
119	0.0638765221561
140	0.0621856334015
165	0.0605215275521
195	0.0588750470629
230	0.057291916129
271	0.0557608068032
320	0.054251091376
378	0.0527789597295
446	0.0513564186965
526	0.0499757760665
621	0.0486238085923
732	0.0473206209749
864	0.0460421281461
1019	0.0448039976359
1202	0.0435978884104
1419	0.042418846236
1674	0.0412757746713
1975	0.0401627586228
2330	0.039081387417
2749	0.038027947527
3243	0.0370029639739
3827	0.0360073340188
4515	0.0350337160893
5327	0.0340884353141
6285	0.033168231535
7415	0.0322735788414
8748	0.0314707018653
10322	0.0306079916471
12178	0.0298084839011
14368	0.0291411065793
16952	0.0282991078955
20000	0.0276315389851
