32	0.076242201206
37	0.074376210472
44	0.0722086490754
52	0.0701784687363
61	0.0682916572649
72	0.0663854909445
85	0.0645302072502
101	0.0626571614242
119	0.0609263456009
140	0.0592582118869
165	0.0576180541608
195	0.0559968249789
230	0.0544394712713
271	0.0529347259533
320	0.0514524236599
378	0.0500084110201
446	0.0486143799478
526	0.0472626985733
621	0.0459403535365
732	0.0446669373087
864	0.0434188398351
1019	0.0422112961252
1202	0.0410361038174
1419	0.0398883719918
1674	0.0387767384156
1975	0.0376953676906
2330	0.0366456982308
2749	0.035624137433
3243	0.0346311354188
3827	0.0336673689865
4515	0.0327260108506
5327	0.0318128425448
6285	0.0309247582655
7415	0.0300621363011
8748	0.0292865453011
10322	0.0284567301097
12178	0.02768719087
14368	0.027041715812
16952	0.0262355088752
20000	0.0255923994283
