32	0.0734125550608
37	0.071558145077
44	0.069405956612
52	0.0673920967361
61	0.0655221655765
72	0.0636347730762
85	0.061799467214
101	0.0599483438405
119	0.0582393949165
140	0.0565938387584
165	0.0549773564135
195	0.0533810075761
230	0.0518489745206
271	0.0503700533889
320	0.0489145322289
378	0.0474979223413
446	0.0461316102453
526	0.0448080247569
621	0.0435143571084
732	0.0422697047504
864	0.0410509181261
1019	0.0398728158566
1202	0.0387273299267
1419	0.0376096318624
1674	0.0365281021222
1975	0.0354769846553
2330	0.0344575796034
2749	0.0334664035065
3243	0.0325038364612
3827	0.0315703612613
4515	0.0306596051031
5327	0.0297768648874
6285	0.0289191720554
7415	0.0280868185493
8748	0.0273372159052
10322	0.0265383573675
12178	0.0257971196928
14368	0.0251727209366
16952	0.024399920588
20000	0.0237800909858
