32	0.0708175246333
37	0.0689750984477
44	0.0668386546287
52	0.0648413634972
61	0.0629884513554
72	0.0611198773196
85	0.0593044951293
101	0.0574751360343
119	0.0557878100173
140	0.0541645022759
165	0.0525712768109
195	0.0509992970715
230	0.0494919973893
271	0.0480382386278
320	0.0466087510929
378	0.0452187201155
446	0.0438792373251
526	0.0425827920502
621	0.0413167740169
732	0.0400998041984
864	0.0389091775965
1019	0.0377593134324
1202	0.0366422733639
1419	0.0355532901004
1674	0.0345004962353
1975	0.0334782140702
2330	0.0324876169822
2749	0.0315253203164
3243	0.0305916388204
3827	0.0296868842817
4515	0.028805086555
5327	0.0279511095835
6285	0.0271221072188
7415	0.0263182935376
8748	0.0255933598051
10322	0.0248235796618
12178	0.0241090053527
14368	0.023504781315
16952	0.0227631267174
20000	0.0221653703328
