19.9526231497	0.999999999669
21.0415109807	0.999999999669
22.1898234146	0.999999999669
23.40080347	0.999999999669
24.6778711489	0.999999999669
26.0246330953	0.999999999669
27.444892781	0.999999999669
28.9426612472	0.999999999669
30.5221684323	0.999999999669
32.1878751182	0.999999999669
33.9444855277	0.999999999669
35.7969606104	0.999999999669
37.7505320532	0.999999999669
39.8107170553	0.999999999669
41.9833339097	0.999999999669
44.2745184349	0.999999999669
46.6907413037	0.999999999669
49.2388263171	0.999999999669
51.9259696759	0.999999999669
54.7597603042	0.999999999669
57.7482012814	0.999999999669
60.8997324442	0.999999999669
64.2232542223	0.999999999669
67.7281527744	0.999999999669
71.4243264964	0.999999999669
75.3222139759	0.999999999669
79.4328234724	0.999999999669
83.7677640068	0.999999999669
88.3392781466	0.999999999669
93.1602765813	0.999999999669
98.2443745837	0.999999999669
103.605930463	0.999999999669
109.260086112	0.999999999669
115.222809774	0.999999999669
121.510941138	0.999999999669
128.142238894	0.999999999669
135.135430893	0.999999999669
142.51026703	0.999999999669
150.287575026	0.999999999669
158.489319246	0.999999999669
