0.112460497397 0.000677641389569
0.131825673856 0.000581760972977
0.154525443954 0.000500631692897
0.181134009262 0.000432223227817
0.2123244462 0.000374840809334
0.248885731828 0.000327091229605
0.2917427014 0.000287862350721
0.341979442514 0.000256319448485
0.400866717627 0.000231923999151
0.469894108605 0.000214480907795
0.550807696405 0.000204205188229
0.645654229035 0.000201704532211
0.756832895021 0.000207349561454
0.887156012038 0.000218354885622
1.03992016583 0.000223900393018
1.21898959892 0.000215680069255
1.42889395851 0.000206670988927
1.67494287603 0.000201381610683
1.96336027684 0.000181926769581
2.30144181741 0.000173165947679
2.69773943244 0.000174537139039
3.16227766017 0.000167699731635
3.70650240039 0.000155085996006
4.34438765993 0.000153577998437
5.09205231805 0.000146057904222
5.96838929659 0.000141315580757
6.99554296985 0.00013449585998
8.19946873622 0.000130232279639
9.61058889153 0.000125784035422
11.2645613775 0.000120635045378
13.203180831 0.000115124743414
15.4754347031 0.000111087602623
18.1387411348 0.0001069228832
21.2603998703 0.00010272500338
24.9192928709 9.86283242224e-05
29.2078776021 9.49734268866e-05
34.2373387626 9.11546084628e-05
40.1295496298 8.76584483243e-05
47.0358039406 8.41947202401e-05
55.1306175312 8.09991874012e-05
64.618540234 7.78380020988e-05
75.7393246975 7.47749478199e-05
88.7739847552 7.1857488081e-05
104.051896433 6.90599540594e-05
121.959121032 6.63967120097e-05
142.948160609 6.37966350517e-05
167.549392358 6.13255510157e-05
196.384470846 5.89323758969e-05
230.182036751 5.664030513e-05
269.796129066 5.44351631016e-05
316.227766017 5.23139624395e-05
