0.112460497397 0.000677641303372
0.131825673856 0.000581760898975
0.154525443954 0.000500631629211
0.181134009262 0.000432223172836
0.2123244462 0.000374840761647
0.248885731828 0.000327091187998
0.2917427014 0.000287862314103
0.341979442514 0.000256319415881
0.400866717627 0.000231923969648
0.469894108605 0.000214480880511
0.550807696405 0.000204205162252
0.645654229035 0.000201704506554
0.756832895021 0.000207349535077
0.887156012038 0.000218354857845
1.03992016583 0.00022390032558
1.21898959892 0.000215680004295
1.42889395851 0.000206670926679
1.67494287603 0.000201381550029
1.96336027684 0.000181926714786
2.30144181741 0.000173165895523
2.69773943244 0.00017453708647
3.16227766017 0.000167699710302
3.70650240039 0.000155085976277
4.34438765993 0.0001535779789
5.09205231805 0.000146057885642
5.96838929659 0.00014131556278
6.99554296985 0.00013449584287
8.19946873622 0.000130232263072
9.61058889153 0.00012578401942
11.2645613775 0.000120635030032
13.203180831 0.000115124728769
15.4754347031 0.000111087588492
18.1387411348 0.000106922869597
21.2603998703 0.000102724990312
24.9192928709 9.86283116749e-05
29.2078776021 9.49734148047e-05
34.2373387626 9.1154596867e-05
40.1295496298 8.76584371734e-05
47.0358039406 8.41947095298e-05
55.1306175312 8.09991770968e-05
64.618540234 7.78379921966e-05
75.7393246975 7.47749383077e-05
88.7739847552 7.18574789396e-05
104.051896433 6.90599452741e-05
121.959121032 6.6396703563e-05
142.948160609 6.37966269359e-05
167.549392358 6.13255432144e-05
196.384470846 5.89323683998e-05
230.182036751 5.66402979247e-05
269.796129066 5.44351561766e-05
316.227766017 5.23139557845e-05
