0.112460497397 0.000677641390571
0.131825673856 0.000581760973837
0.154525443954 0.000500631693637
0.181134009262 0.000432223228456
0.2123244462 0.000374840809888
0.248885731828 0.000327091230088
0.2917427014 0.000287862351147
0.341979442514 0.000256319448864
0.400866717627 0.000231923999494
0.469894108605 0.000214480908112
0.550807696405 0.000204205188531
0.645654229035 0.000201704532509
0.756832895021 0.00020734956176
0.887156012038 0.000218354885943
1.03992016583 0.000223900393348
1.21898959892 0.000215680069573
1.42889395851 0.000206670989231
1.67494287603 0.00020138161098
1.96336027684 0.000181926769849
2.30144181741 0.000173165947934
2.69773943244 0.000174537139296
3.16227766017 0.000167699755339
3.70650240039 0.000155086017927
4.34438765993 0.000153578020144
5.09205231805 0.000146057924867
5.96838929659 0.000141315600732
6.99554296985 0.000134495878991
8.19946873622 0.000130232298047
9.61058889153 0.000125784053201
11.2645613775 0.000120635062429
13.203180831 0.000115124759686
15.4754347031 0.000111087618324
18.1387411348 0.000106922898312
21.2603998703 0.0001027250179
24.9192928709 9.86283381629e-05
29.2078776021 9.49734403105e-05
34.2373387626 9.1154608597e-05
40.1295496298 8.76584484532e-05
47.0358039406 8.4194720364e-05
55.1306175312 8.09991875204e-05
64.618540234 7.78380022133e-05
75.7393246975 7.47749479299e-05
88.7739847552 7.18574881867e-05
104.051896433 6.90599541611e-05
121.959121032 6.63967121074e-05
142.948160609 6.37966351456e-05
167.549392358 6.13255511059e-05
196.384470846 5.89323759836e-05
230.182036751 5.66403052133e-05
269.796129066 5.44351631816e-05
316.227766017 5.23139625164e-05
