0.112460497397 0.00067764130338
0.131825673856 0.000581760898988
0.154525443954 0.000500631629221
0.181134009262 0.000432223172846
0.2123244462 0.000374840761658
0.248885731828 0.000327091188003
0.2917427014 0.000287862314112
0.341979442514 0.000256319415887
0.400866717627 0.000231923969655
0.469894108605 0.000214480880516
0.550807696405 0.000204205162256
0.645654229035 0.000201704506558
0.756832895021 0.000207349535082
0.887156012038 0.000218354857851
1.03992016583 0.000223900364541
1.21898959892 0.000215680041824
1.42889395851 0.000206670962641
1.67494287603 0.000201381585071
1.96336027684 0.000181926746442
2.30144181741 0.000173165925655
2.69773943244 0.00017453711684
3.16227766017 0.000167699681128
3.70650240039 0.000155085949298
4.34438765993 0.000153577952182
5.09205231805 0.000146057860233
5.96838929659 0.000141315538196
6.99554296985 0.000134495819474
8.19946873622 0.000130232240415
9.61058889153 0.000125783997538
11.2645613775 0.000120635009046
13.203180831 0.00011512470874
15.4754347031 0.000111087569165
18.1387411348 0.000106922850997
21.2603998703 0.000102724972441
24.9192928709 9.86282945179e-05
29.2078776021 9.49733982822e-05
34.2373387626 9.11545968691e-05
40.1295496298 8.76584371758e-05
47.0358039406 8.41947095316e-05
55.1306175312 8.09991770991e-05
64.618540234 7.78379921987e-05
75.7393246975 7.47749383091e-05
88.7739847552 7.18574789413e-05
104.051896433 6.90599452758e-05
121.959121032 6.63967035651e-05
142.948160609 6.37966269373e-05
167.549392358 6.13255432157e-05
196.384470846 5.89323684013e-05
230.182036751 5.66402979261e-05
269.796129066 5.44351561779e-05
316.227766017 5.23139557858e-05
