1.03992016583 0.000223900395535
1.21898959892 0.00021568007168
1.42889395851 0.00020667099125
1.67494287603 0.000201381612946
1.96336027684 0.000181926771626
2.30144181741 0.000173165949626
2.69773943244 0.000174537141002
3.16227766017 0.00016769973352
3.70650240039 0.000155085997749
4.34438765993 0.000153578000163
5.09205231805 0.000146057905864
5.96838929659 0.000141315582346
6.99554296985 0.000134495861492
8.19946873622 0.000130232281104
9.61058889153 0.000125784036835
11.2645613775 0.000120635046734
13.203180831 0.000115124744708
15.4754347031 0.000111087603871
18.1387411348 0.000106922884402
21.2603998703 0.000102725004535
24.9192928709 9.86283253317e-05
29.2078776021 9.4973427954e-05
34.2373387626 9.11546094868e-05
40.1295496298 8.76584493091e-05
47.0358039406 8.41947211866e-05
55.1306175312 8.09991883109e-05
64.618540234 7.78380029737e-05
75.7393246975 7.47749486601e-05
88.7739847552 7.18574888883e-05
104.051896433 6.90599548353e-05
121.959121032 6.63967127555e-05
142.948160609 6.37966357688e-05
167.549392358 6.13255517048e-05
196.384470846 5.89323765591e-05
230.182036751 5.66403057662e-05
269.796129066 5.44351637133e-05
316.227766017 5.23139630273e-05
