0.112460497397 0.000677641437561
0.131825673856 0.000581761014179
0.154525443954 0.000500631728353
0.181134009262 0.000432223258427
0.2123244462 0.00037484083588
0.248885731828 0.000327091252771
0.2917427014 0.000287862371109
0.341979442514 0.000256319466638
0.400866717627 0.000231924015576
0.469894108605 0.000214480922986
0.550807696405 0.000204205202691
0.645654229035 0.000201704546496
0.756832895021 0.000207349576138
0.887156012038 0.000218354901085
1.03992016583 0.000223900408874
1.21898959892 0.000215680084529
1.42889395851 0.000206671003563
1.67494287603 0.000201381624945
1.96336027684 0.000181926782464
2.30144181741 0.000173165959943
2.69773943244 0.000174537151399
3.16227766017 0.000167699719546
3.70650240039 0.000155085984826
4.34438765993 0.000153577987366
5.09205231805 0.000146057893693
5.96838929659 0.00014131557057
6.99554296985 0.000134495850285
8.19946873622 0.000130232270251
9.61058889153 0.000125784026354
11.2645613775 0.000120635036682
13.203180831 0.000115124735115
15.4754347031 0.000111087594615
18.1387411348 0.000106922875492
21.2603998703 0.000102724995975
24.9192928709 9.86283171128e-05
29.2078776021 9.49734200405e-05
34.2373387626 9.11546149179e-05
40.1295496298 8.76584545319e-05
47.0358039406 8.41947262024e-05
55.1306175312 8.09991931372e-05
64.618540234 7.78380076109e-05
75.7393246975 7.47749531151e-05
88.7739847552 7.18574931696e-05
104.051896433 6.90599589499e-05
121.959121032 6.63967167116e-05
142.948160609 6.37966395695e-05
167.549392358 6.13255553585e-05
196.384470846 5.89323800702e-05
230.182036751 5.6640309141e-05
269.796129066 5.44351669563e-05
316.227766017 5.2313966144e-05
