0.112460497397 0.000677641232971
0.131825673856 0.00058176083854
0.154525443954 0.000500631577205
0.181134009262 0.000432223127933
0.2123244462 0.00037484072271
0.248885731828 0.000327091154016
0.2917427014 0.000287862284198
0.341979442514 0.00025631938925
0.400866717627 0.000231923945554
0.469894108605 0.00021448085823
0.550807696405 0.000204205141038
0.645654229035 0.000201704485598
0.756832895021 0.000207349513536
0.887156012038 0.00021835483516
1.03992016583 0.000223900341275
1.21898959892 0.000215680019412
1.42889395851 0.000206670941165
1.67494287603 0.000201381564144
1.96336027684 0.000181926727537
2.30144181741 0.00017316590766
2.69773943244 0.000174537098703
3.16227766017 0.00016769969288
3.70650240039 0.000155085960165
4.34438765993 0.000153577962944
5.09205231805 0.000146057870468
5.96838929659 0.000141315548099
6.99554296985 0.000134495828898
8.19946873622 0.000130232249542
9.61058889153 0.000125784006352
11.2645613775 0.000120635017499
13.203180831 0.000115124716808
15.4754347031 0.00011108757695
18.1387411348 0.000106922858489
21.2603998703 0.00010272497964
24.9192928709 9.86283014288e-05
29.2078776021 9.49734049376e-05
34.2373387626 9.11545873963e-05
40.1295496298 8.76584280657e-05
47.0358039406 8.4194700782e-05
55.1306175312 8.09991686816e-05
64.618540234 7.78379841098e-05
75.7393246975 7.47749305387e-05
88.7739847552 7.1857471474e-05
104.051896433 6.9059938099e-05
121.959121032 6.63966966647e-05
142.948160609 6.37966203076e-05
167.549392358 6.13255368427e-05
196.384470846 5.89323622769e-05
230.182036751 5.66402920397e-05
269.796129066 5.44351505209e-05
316.227766017 5.2313950349e-05
