1.03992016583 0.000223900341212
1.21898959892 0.000215680019351
1.42889395851 0.000206670941107
1.67494287603 0.000201381564088
1.96336027684 0.000181926727487
2.30144181741 0.000173165907612
2.69773943244 0.000174537098654
3.16227766017 0.000167699740118
3.70650240039 0.00015508600385
4.34438765993 0.000153578006204
5.09205231805 0.00014605791161
5.96838929659 0.000141315587905
6.99554296985 0.000134495866783
8.19946873622 0.000130232286226
9.61058889153 0.000125784041783
11.2645613775 0.000120635051479
13.203180831 0.000115124749236
15.4754347031 0.000111087608241
18.1387411348 0.000106922888607
21.2603998703 0.000102725008575
24.9192928709 9.86283292106e-05
29.2078776021 9.497343169e-05
34.2373387626 9.11546130729e-05
40.1295496298 8.76584527576e-05
47.0358039406 8.41947244982e-05
55.1306175312 8.09991914977e-05
64.618540234 7.78380060353e-05
75.7393246975 7.47749516015e-05
88.7739847552 7.1857491715e-05
104.051896433 6.90599575519e-05
121.959121032 6.63967153676e-05
142.948160609 6.3796638278e-05
167.549392358 6.1325554117e-05
196.384470846 5.89323788772e-05
230.182036751 5.66403079943e-05
269.796129066 5.44351658543e-05
316.227766017 5.2313965085e-05
