0.112460497397 0.000677641127923
0.131825673856 0.000581760748351
0.154525443954 0.000500631499597
0.181134009262 0.000432223060929
0.2123244462 0.000374840664594
0.248885731828 0.00032709110331
0.2917427014 0.000287862239575
0.341979442514 0.000256319349518
0.400866717627 0.000231923909602
0.469894108605 0.000214480824981
0.550807696405 0.000204205109382
0.645654229035 0.000201704454329
0.756832895021 0.000207349481395
0.887156012038 0.00021835480131
1.03992016583 0.000223900306565
1.21898959892 0.000215679985977
1.42889395851 0.000206670909126
1.67494287603 0.000201381532927
1.96336027684 0.000181926699336
2.30144181741 0.000173165880818
2.69773943244 0.000174537071648
3.16227766017 0.000167699681315
3.70650240039 0.00015508594947
4.34438765993 0.000153577952353
5.09205231805 0.000146057860394
5.96838929659 0.000141315538353
6.99554296985 0.000134495819622
8.19946873622 0.000130232240561
9.61058889153 0.000125783997677
11.2645613775 0.00012063500918
13.203180831 0.000115124708868
15.4754347031 0.000111087569289
18.1387411348 0.000106922851115
21.2603998703 0.000102724972555
24.9192928709 9.86282946271e-05
29.2078776021 9.49733983879e-05
34.2373387626 9.11545811094e-05
40.1295496298 8.76584220206e-05
47.0358039406 8.41946949748e-05
55.1306175312 8.09991630955e-05
64.618540234 7.78379787416e-05
75.7393246975 7.4774925382e-05
88.7739847552 7.18574665181e-05
104.051896433 6.9059933336e-05
121.959121032 6.63966920857e-05
142.948160609 6.37966159076e-05
167.549392358 6.13255326133e-05
196.384470846 5.89323582129e-05
230.182036751 5.66402881335e-05
269.796129066 5.44351467668e-05
316.227766017 5.23139467412e-05
