0.112460497397 0.000677641130901
0.131825673856 0.000581760750904
0.154525443954 0.000500631501791
0.181134009262 0.000432223062826
0.2123244462 0.000374840666244
0.248885731828 0.000327091104746
0.2917427014 0.00028786224084
0.341979442514 0.00025631935064
0.400866717627 0.000231923910621
0.469894108605 0.000214480825923
0.550807696405 0.000204205110279
0.645654229035 0.000201704455214
0.756832895021 0.000207349482304
0.887156012038 0.000218354802269
1.03992016583 0.000223900307547
1.21898959892 0.000215679986924
1.42889395851 0.000206670910034
1.67494287603 0.000201381533809
1.96336027684 0.000181926700133
2.30144181741 0.000173165881576
2.69773943244 0.000174537072413
3.16227766017 0.000167699667619
3.70650240039 0.000155085936805
4.34438765993 0.000153577939811
5.09205231805 0.000146057848467
5.96838929659 0.000141315526812
6.99554296985 0.000134495808639
8.19946873622 0.000130232229925
9.61058889153 0.000125783987405
11.2645613775 0.000120634999327
13.203180831 0.000115124699466
15.4754347031 0.000111087560216
18.1387411348 0.000106922842383
21.2603998703 0.000102724964166
24.9192928709 9.86282865714e-05
29.2078776021 9.49733906313e-05
34.2373387626 9.11545736654e-05
40.1295496298 8.76584148614e-05
47.0358039406 8.41946880993e-05
55.1306175312 8.09991564805e-05
64.618540234 7.78379723851e-05
75.7393246975 7.47749192749e-05
88.7739847552 7.18574606499e-05
104.051896433 6.90599276962e-05
121.959121032 6.63966866631e-05
142.948160609 6.37966106977e-05
167.549392358 6.1325527605e-05
196.384470846 5.89323533999e-05
230.182036751 5.66402835078e-05
269.796129066 5.4435142321e-05
316.227766017 5.23139424691e-05
