0.112460497397 0.000677641329244
0.131825673856 0.000581760921193
0.154525443954 0.000500631648333
0.181134009262 0.000432223189345
0.2123244462 0.000374840775967
0.248885731828 0.000327091200485
0.2917427014 0.000287862325096
0.341979442514 0.000256319425668
0.400866717627 0.000231923978506
0.469894108605 0.000214480888701
0.550807696405 0.000204205170053
0.645654229035 0.000201704514257
0.756832895021 0.000207349542997
0.887156012038 0.000218354866184
1.03992016583 0.000223900373087
1.21898959892 0.000215680050057
1.42889395851 0.000206670970527
1.67494287603 0.000201381592758
1.96336027684 0.000181926753386
2.30144181741 0.000173165932264
2.69773943244 0.000174537123502
3.16227766017 0.000167699716707
3.70650240039 0.000155085982201
4.34438765993 0.000153577984765
5.09205231805 0.00014605789122
5.96838929659 0.000141315568177
6.99554296985 0.000134495848007
8.19946873622 0.000130232268046
9.61058889153 0.000125784024224
11.2645613775 0.000120635034639
13.203180831 0.000115124733164
15.4754347031 0.000111087592733
18.1387411348 0.000106922873681
21.2603998703 0.000102724994235
24.9192928709 9.8628315442e-05
29.2078776021 9.49734184318e-05
34.2373387626 9.11546003474e-05
40.1295496298 8.76584405205e-05
47.0358039406 8.41947127447e-05
55.1306175312 8.099918019e-05
64.618540234 7.7837995169e-05
75.7393246975 7.47749411628e-05
88.7739847552 7.1857481684e-05
104.051896433 6.90599479115e-05
121.959121032 6.63967060985e-05
142.948160609 6.37966293725e-05
167.549392358 6.13255455562e-05
196.384470846 5.89323706505e-05
230.182036751 5.66403000874e-05
269.796129066 5.44351582554e-05
316.227766017 5.23139577819e-05
