1.03992016583 0.000223900381838
1.21898959892 0.000215680058484
1.42889395851 0.000206670978605
1.67494287603 0.000201381600627
1.96336027684 0.000181926760492
2.30144181741 0.00017316593903
2.69773943244 0.000174537130321
3.16227766017 0.000167699723261
3.70650240039 0.000155085988261
4.34438765993 0.000153577990767
5.09205231805 0.000146057896928
5.96838929659 0.0001413155737
6.99554296985 0.000134495853264
8.19946873622 0.000130232273134
9.61058889153 0.000125784029139
11.2645613775 0.000120635039352
13.203180831 0.000115124737663
15.4754347031 0.000111087597074
18.1387411348 0.000106922877859
21.2603998703 0.00010272499825
24.9192928709 9.86283192969e-05
29.2078776021 9.49734221428e-05
34.2373387626 9.11546039103e-05
40.1295496298 8.76584439461e-05
47.0358039406 8.41947160346e-05
55.1306175312 8.09991833559e-05
64.618540234 7.78379982113e-05
75.7393246975 7.47749440855e-05
88.7739847552 7.18574844923e-05
104.051896433 6.90599506097e-05
121.959121032 6.63967086931e-05
142.948160609 6.3796631865e-05
167.549392358 6.13255479526e-05
196.384470846 5.89323729533e-05
230.182036751 5.66403023007e-05
269.796129066 5.44351603826e-05
316.227766017 5.23139598265e-05
