1.03992016583 0.000223900345794
1.21898959892 0.000215680023765
1.42889395851 0.000206670945337
1.67494287603 0.000201381568209
1.96336027684 0.000181926731209
2.30144181741 0.000173165911155
2.69773943244 0.000174537102226
3.16227766017 0.000167699673901
3.70650240039 0.000155085942614
4.34438765993 0.000153577945564
5.09205231805 0.000146057853938
5.96838929659 0.000141315532106
6.99554296985 0.000134495813677
8.19946873622 0.000130232234804
9.61058889153 0.000125783992117
11.2645613775 0.000120635003847
13.203180831 0.000115124703779
15.4754347031 0.000111087564378
18.1387411348 0.000106922846389
21.2603998703 0.000102724968014
24.9192928709 9.86282902672e-05
29.2078776021 9.49733941898e-05
34.2373387626 9.11545892361e-05
40.1295496298 8.76584298349e-05
47.0358039406 8.41947024814e-05
55.1306175312 8.09991703164e-05
64.618540234 7.78379856808e-05
75.7393246975 7.47749320479e-05
88.7739847552 7.18574729243e-05
104.051896433 6.90599394927e-05
121.959121032 6.63966980048e-05
142.948160609 6.37966215952e-05
167.549392358 6.13255380804e-05
196.384470846 5.89323634663e-05
230.182036751 5.66402931829e-05
269.796129066 5.44351516195e-05
316.227766017 5.23139514048e-05
