0.112460497397 0.000677641390484
0.131825673856 0.000581760973762
0.154525443954 0.000500631693575
0.181134009262 0.000432223228401
0.2123244462 0.00037484080984
0.248885731828 0.000327091230048
0.2917427014 0.00028786235111
0.341979442514 0.000256319448831
0.400866717627 0.000231923999464
0.469894108605 0.000214480908085
0.550807696405 0.000204205188506
0.645654229035 0.000201704532484
0.756832895021 0.000207349561735
0.887156012038 0.000218354885918
1.03992016583 0.000223900428834
1.21898959892 0.000215680103756
1.42889395851 0.000206671021986
1.67494287603 0.000201381642897
1.96336027684 0.000181926798682
2.30144181741 0.00017316597538
2.69773943244 0.000174537166959
3.16227766017 0.000167699731862
3.70650240039 0.000155085996216
4.34438765993 0.000153577998644
5.09205231805 0.00014605790442
5.96838929659 0.000141315580948
6.99554296985 0.000134495860162
8.19946873622 0.000130232279815
9.61058889153 0.000125784035592
11.2645613775 0.000120635045541
13.203180831 0.000115124743569
15.4754347031 0.000111087602772
18.1387411348 0.000106922883344
21.2603998703 0.000102725003519
24.9192928709 9.86283243556e-05
29.2078776021 9.49734270149e-05
34.2373387626 9.11546085859e-05
40.1295496298 8.76584484427e-05
47.0358039406 8.41947203537e-05
55.1306175312 8.09991875106e-05
64.618540234 7.78380022039e-05
75.7393246975 7.47749479208e-05
88.7739847552 7.18574881778e-05
104.051896433 6.90599541525e-05
121.959121032 6.63967120993e-05
142.948160609 6.37966351378e-05
167.549392358 6.13255510984e-05
196.384470846 5.89323759765e-05
230.182036751 5.66403052064e-05
269.796129066 5.4435163175e-05
316.227766017 5.23139625101e-05
