0.112460497397 0.000677641329261
0.131825673856 0.000581760921213
0.154525443954 0.00050063164835
0.181134009262 0.000432223189355
0.2123244462 0.00037484077598
0.248885731828 0.000327091200496
0.2917427014 0.000287862325107
0.341979442514 0.000256319425677
0.400866717627 0.000231923978513
0.469894108605 0.000214480888708
0.550807696405 0.000204205170058
0.645654229035 0.000201704514264
0.756832895021 0.000207349543005
0.887156012038 0.000218354866191
1.03992016583 0.000223900344407
1.21898959892 0.000215680022428
1.42889395851 0.000206670944056
1.67494287603 0.000201381566962
1.96336027684 0.000181926730083
2.30144181741 0.000173165910085
2.69773943244 0.000174537101146
3.16227766017 0.000167699695227
3.70650240039 0.000155085962336
4.34438765993 0.000153577965093
5.09205231805 0.000146057872512
5.96838929659 0.000141315550077
6.99554296985 0.00013449583078
8.19946873622 0.000130232251364
9.61058889153 0.000125784008113
11.2645613775 0.000120635019188
13.203180831 0.000115124718419
15.4754347031 0.000111087578504
18.1387411348 0.000106922859985
21.2603998703 0.000102724981078
24.9192928709 9.86283028093e-05
29.2078776021 9.49734062665e-05
34.2373387626 9.11545886718e-05
40.1295496298 8.76584292926e-05
47.0358039406 8.41947019608e-05
55.1306175312 8.09991698156e-05
64.618540234 7.78379851991e-05
75.7393246975 7.4774931585e-05
88.7739847552 7.18574724797e-05
104.051896433 6.90599390663e-05
121.959121032 6.63966975942e-05
142.948160609 6.37966212007e-05
167.549392358 6.13255377012e-05
196.384470846 5.8932363102e-05
230.182036751 5.66402928327e-05
269.796129066 5.44351512831e-05
316.227766017 5.23139510815e-05
