1.03992016583 0.000223900350243
1.21898959892 0.000215680028051
1.42889395851 0.000206670949444
1.67494287603 0.000201381572212
1.96336027684 0.000181926734826
2.30144181741 0.000173165914598
2.69773943244 0.000174537105695
3.16227766017 0.000167699699598
3.70650240039 0.000155085966379
4.34438765993 0.000153577969097
5.09205231805 0.000146057876319
5.96838929659 0.00014131555376
6.99554296985 0.000134495834286
8.19946873622 0.00013023225476
9.61058889153 0.000125784011391
11.2645613775 0.000120635022332
13.203180831 0.00011512472142
15.4754347031 0.0001110875814
18.1387411348 0.000106922862772
21.2603998703 0.000102724983755
24.9192928709 9.86283053803e-05
29.2078776021 9.4973408743e-05
34.2373387626 9.11545910482e-05
40.1295496298 8.76584315775e-05
47.0358039406 8.41947041552e-05
55.1306175312 8.09991719267e-05
64.618540234 7.7837987228e-05
75.7393246975 7.47749335345e-05
88.7739847552 7.18574743528e-05
104.051896433 6.90599408658e-05
121.959121032 6.63966993248e-05
142.948160609 6.37966228636e-05
167.549392358 6.13255392997e-05
196.384470846 5.8932364638e-05
230.182036751 5.6640294309e-05
269.796129066 5.44351527017e-05
316.227766017 5.23139524449e-05
