0.112460497397 0.000677641259215
0.131825673856 0.000581760861068
0.154525443954 0.000500631596588
0.181134009262 0.000432223144671
0.2123244462 0.000374840737226
0.248885731828 0.000327091166684
0.2917427014 0.000287862295346
0.341979442514 0.000256319399177
0.400866717627 0.000231923954537
0.469894108605 0.000214480866536
0.550807696405 0.000204205148947
0.645654229035 0.00020170449341
0.756832895021 0.000207349521568
0.887156012038 0.000218354843616
1.03992016583 0.000223900351156
1.21898959892 0.00021568002893
1.42889395851 0.000206670950286
1.67494287603 0.000201381573032
1.96336027684 0.000181926735567
2.30144181741 0.000173165915302
2.69773943244 0.000174537106406
3.16227766017 0.000167699699375
3.70650240039 0.000155085966173
4.34438765993 0.000153577968893
5.09205231805 0.000146057876125
5.96838929659 0.000141315553572
6.99554296985 0.000134495834107
8.19946873622 0.000130232254586
9.61058889153 0.000125784011224
11.2645613775 0.000120635022171
13.203180831 0.000115124721267
15.4754347031 0.000111087581252
18.1387411348 0.00010692286263
21.2603998703 0.000102724983618
24.9192928709 9.86283052486e-05
29.2078776021 9.49734086164e-05
34.2373387626 9.11545909266e-05
40.1295496298 8.76584314608e-05
47.0358039406 8.41947040432e-05
55.1306175312 8.0999171819e-05
64.618540234 7.78379871244e-05
75.7393246975 7.4774933435e-05
88.7739847552 7.18574742571e-05
104.051896433 6.90599407739e-05
121.959121032 6.63966992365e-05
142.948160609 6.37966227786e-05
167.549392358 6.1325539218e-05
196.384470846 5.89323645595e-05
230.182036751 5.66402942336e-05
269.796129066 5.44351526293e-05
316.227766017 5.23139523754e-05
