1.03992016583 0.000223900381835
1.21898959892 0.00021568005848
1.42889395851 0.000206670978603
1.67494287603 0.000201381600622
1.96336027684 0.00018192676049
2.30144181741 0.000173165939027
2.69773943244 0.00017453713032
3.16227766017 0.000167699723259
3.70650240039 0.000155085988258
4.34438765993 0.000153577990764
5.09205231805 0.000146057896926
5.96838929659 0.000141315573699
6.99554296985 0.000134495853262
8.19946873622 0.000130232273133
9.61058889153 0.000125784029138
11.2645613775 0.000120635039352
13.203180831 0.000115124737662
15.4754347031 0.000111087597073
18.1387411348 0.000106922877858
21.2603998703 0.000102724998248
24.9192928709 9.8628319295e-05
29.2078776021 9.49734221417e-05
34.2373387626 9.11546039094e-05
40.1295496298 8.76584439449e-05
47.0358039406 8.41947160332e-05
55.1306175312 8.09991833545e-05
64.618540234 7.78379982105e-05
75.7393246975 7.47749440841e-05
88.7739847552 7.18574844913e-05
104.051896433 6.90599506092e-05
121.959121032 6.63967086922e-05
142.948160609 6.37966318642e-05
167.549392358 6.13255479518e-05
196.384470846 5.89323729527e-05
230.182036751 5.66403023003e-05
269.796129066 5.44351603819e-05
316.227766017 5.23139598259e-05
