1.03992016583 0.00022390042882
1.21898959892 0.000215680103742
1.42889395851 0.000206671021974
1.67494287603 0.000201381642885
1.96336027684 0.000181926798671
2.30144181741 0.000173165975369
2.69773943244 0.000174537166947
3.16227766017 0.000167699731856
3.70650240039 0.00015508599621
4.34438765993 0.000153577998639
5.09205231805 0.000146057904414
5.96838929659 0.000141315580943
6.99554296985 0.000134495860157
8.19946873622 0.000130232279811
9.61058889153 0.000125784035587
11.2645613775 0.000120635045537
13.203180831 0.000115124743565
15.4754347031 0.000111087602768
18.1387411348 0.00010692288334
21.2603998703 0.000102725003515
24.9192928709 9.86283243521e-05
29.2078776021 9.49734270114e-05
34.2373387626 9.11546230381e-05
40.1295496298 8.76584623406e-05
47.0358039406 8.41947337026e-05
55.1306175312 8.09992003527e-05
64.618540234 7.78380145449e-05
75.7393246975 7.47749597761e-05
88.7739847552 7.18574995707e-05
104.051896433 6.90599651019e-05
121.959121032 6.63967226262e-05
142.948160609 6.37966452526e-05
167.549392358 6.13255608215e-05
196.384470846 5.89323853198e-05
230.182036751 5.66403141865e-05
269.796129066 5.44351718054e-05
316.227766017 5.23139708043e-05
