1.03992016583 0.000223900316053
1.21898959892 0.000215679995116
1.42889395851 0.000206670917884
1.67494287603 0.000201381541459
1.96336027684 0.000181926707044
2.30144181741 0.000173165888153
2.69773943244 0.000174537079042
3.16227766017 0.000167699673989
3.70650240039 0.000155085942695
4.34438765993 0.000153577945644
5.09205231805 0.000146057854015
5.96838929659 0.00014131553218
6.99554296985 0.000134495813747
8.19946873622 0.000130232234872
9.61058889153 0.000125783992183
11.2645613775 0.00012063500391
13.203180831 0.00011512470384
15.4754347031 0.000111087564436
18.1387411348 0.000106922846445
21.2603998703 0.000102724968068
24.9192928709 9.86282903188e-05
29.2078776021 9.49733942395e-05
34.2373387626 9.11545771283e-05
40.1295496298 8.76584181916e-05
47.0358039406 8.4194691298e-05
55.1306175312 8.09991595576e-05
64.618540234 7.78379753418e-05
75.7393246975 7.47749221157e-05
88.7739847552 7.18574633796e-05
104.051896433 6.90599303199e-05
121.959121032 6.63966891857e-05
142.948160609 6.37966131215e-05
167.549392358 6.13255299348e-05
196.384470846 5.89323556387e-05
230.182036751 5.66402856597e-05
269.796129066 5.44351443892e-05
316.227766017 5.23139444563e-05
