0.112460497397 0.000677641274125
0.131825673856 0.000581760873868
0.154525443954 0.000500631607609
0.181134009262 0.000432223154183
0.2123244462 0.000374840745476
0.248885731828 0.000327091173882
0.2917427014 0.000287862301682
0.341979442514 0.000256319404819
0.400866717627 0.000231923959641
0.469894108605 0.000214480871257
0.550807696405 0.000204205153441
0.645654229035 0.000201704497849
0.756832895021 0.00020734952613
0.887156012038 0.000218354848423
1.03992016583 0.000223900354874
1.21898959892 0.000215680032512
1.42889395851 0.000206670953718
1.67494287603 0.000201381576376
1.96336027684 0.000181926738588
2.30144181741 0.000173165918179
2.69773943244 0.000174537109305
3.16227766017 0.000167699678077
3.70650240039 0.000155085946476
4.34438765993 0.000153577949389
5.09205231805 0.000146057857576
5.96838929659 0.000141315535625
6.99554296985 0.000134495817026
8.19946873622 0.000130232238047
9.61058889153 0.00012578399525
11.2645613775 0.000120635006851
13.203180831 0.000115124706646
15.4754347031 0.000111087567144
18.1387411348 0.000106922849051
21.2603998703 0.000102724970573
24.9192928709 9.86282927233e-05
29.2078776021 9.49733965548e-05
34.2373387626 9.11545929334e-05
40.1295496298 8.76584333905e-05
47.0358039406 8.41947058964e-05
55.1306175312 8.09991736019e-05
64.618540234 7.7837988838e-05
75.7393246975 7.47749350809e-05
88.7739847552 7.1857475839e-05
104.051896433 6.90599422941e-05
121.959121032 6.63967006981e-05
142.948160609 6.3796624183e-05
167.549392358 6.1325540568e-05
196.384470846 5.89323658569e-05
230.182036751 5.66402954804e-05
269.796129066 5.44351538277e-05
316.227766017 5.23139535269e-05
