0.112460497397 0.000677641397188
0.131825673856 0.000581760979511
0.154525443954 0.000500631698527
0.181134009262 0.000432223232673
0.2123244462 0.000374840813548
0.248885731828 0.000327091233281
0.2917427014 0.000287862353958
0.341979442514 0.000256319451365
0.400866717627 0.000231924001758
0.469894108605 0.000214480910207
0.550807696405 0.000204205190527
0.645654229035 0.000201704534477
0.756832895021 0.000207349563785
0.887156012038 0.000218354888074
1.03992016583 0.000223900395535
1.21898959892 0.000215680071678
1.42889395851 0.000206670991246
1.67494287603 0.000201381612946
1.96336027684 0.000181926771623
2.30144181741 0.000173165949624
2.69773943244 0.000174537141
3.16227766017 0.000167699733521
3.70650240039 0.000155085997748
4.34438765993 0.000153578000163
5.09205231805 0.000146057905864
5.96838929659 0.000141315582344
6.99554296985 0.000134495861491
8.19946873622 0.000130232281102
9.61058889153 0.000125784036834
11.2645613775 0.000120635046734
13.203180831 0.000115124744707
15.4754347031 0.000111087603871
18.1387411348 0.000106922884401
21.2603998703 0.000102725004534
24.9192928709 9.86283253305e-05
29.2078776021 9.49734279535e-05
34.2373387626 9.11546195643e-05
40.1295496298 8.76584589994e-05
47.0358039406 8.41947304938e-05
55.1306175312 8.09991972659e-05
64.618540234 7.78380115782e-05
75.7393246975 7.47749569262e-05
88.7739847552 7.18574968319e-05
104.051896433 6.90599624696e-05
121.959121032 6.63967200958e-05
142.948160609 6.37966428214e-05
167.549392358 6.13255584842e-05
196.384470846 5.89323830739e-05
230.182036751 5.66403120277e-05
269.796129066 5.44351697308e-05
316.227766017 5.23139688103e-05
