0.112460497397 0.000677641505819
0.131825673856 0.000581761072778
0.154525443954 0.000500631778782
0.181134009262 0.000432223301969
0.2123244462 0.00037484087364
0.248885731828 0.000327091285719
0.2917427014 0.000287862400104
0.341979442514 0.000256319492456
0.400866717627 0.000231924038937
0.469894108605 0.00021448094459
0.550807696405 0.000204205223261
0.645654229035 0.000201704566814
0.756832895021 0.000207349597024
0.887156012038 0.000218354923079
1.03992016583 0.000223900477063
1.21898959892 0.000215680150214
1.42889395851 0.000206671066505
1.67494287603 0.000201381686276
1.96336027684 0.00018192683787
2.30144181741 0.000173166012681
2.69773943244 0.000174537204555
3.16227766017 0.000167699760403
3.70650240039 0.00015508602261
4.34438765993 0.000153578024782
5.09205231805 0.000146057929277
5.96838929659 0.000141315604998
6.99554296985 0.000134495883052
8.19946873622 0.00013023230198
9.61058889153 0.000125784056999
11.2645613775 0.000120635066072
13.203180831 0.000115124763162
15.4754347031 0.000111087621679
18.1387411348 0.000106922901541
21.2603998703 0.000102725021002
24.9192928709 9.86283411409e-05
29.2078776021 9.49734431781e-05
34.2373387626 9.11546240994e-05
40.1295496298 8.76584633611e-05
47.0358039406 8.41947346832e-05
55.1306175312 8.09992012958e-05
64.618540234 7.78380154513e-05
75.7393246975 7.47749606464e-05
88.7739847552 7.18575004073e-05
104.051896433 6.90599659057e-05
121.959121032 6.63967233994e-05
142.948160609 6.37966459953e-05
167.549392358 6.13255615352e-05
196.384470846 5.89323860061e-05
230.182036751 5.66403148458e-05
269.796129066 5.44351724391e-05
316.227766017 5.23139714131e-05
