0.112460497397 0.000677641505837
0.131825673856 0.000581761072792
0.154525443954 0.000500631778795
0.181134009262 0.00043222330198
0.2123244462 0.00037484087365
0.248885731828 0.000327091285726
0.2917427014 0.000287862400112
0.341979442514 0.000256319492463
0.400866717627 0.000231924038946
0.469894108605 0.000214480944596
0.550807696405 0.000204205223267
0.645654229035 0.000201704566821
0.756832895021 0.000207349597032
0.887156012038 0.000218354923088
1.03992016583 0.000223900431434
1.21898959892 0.000215680106262
1.42889395851 0.000206671024387
1.67494287603 0.000201381645237
1.96336027684 0.000181926800796
2.30144181741 0.000173165977391
2.69773943244 0.000174537168987
3.16227766017 0.00016769979459
3.70650240039 0.000155086054226
4.34438765993 0.000153578056091
5.09205231805 0.000146057959053
5.96838929659 0.000141315633808
6.99554296985 0.000134495910471
8.19946873622 0.000130232328529
9.61058889153 0.000125784082641
11.2645613775 0.000120635090665
13.203180831 0.000115124786632
15.4754347031 0.000111087644326
18.1387411348 0.000106922923339
21.2603998703 0.000102725041943
24.9192928709 9.86283612479e-05
29.2078776021 9.49734625404e-05
34.2373387626 9.11546426829e-05
40.1295496298 8.76584812317e-05
47.0358039406 8.41947518477e-05
55.1306175312 8.09992178087e-05
64.618540234 7.78380313193e-05
75.7393246975 7.47749758909e-05
88.7739847552 7.18575150566e-05
104.051896433 6.90599799849e-05
121.959121032 6.63967369354e-05
142.948160609 6.37966590012e-05
167.549392358 6.13255740376e-05
196.384470846 5.89323980202e-05
230.182036751 5.66403263929e-05
269.796129066 5.44351835366e-05
316.227766017 5.23139820782e-05
